{
 "cells": [
  {
   "cell_type": "markdown",
   "id": "872edb54",
   "metadata": {},
   "source": [
    "# Optimal Portfolio Allocation"
   ]
  },
  {
   "cell_type": "markdown",
   "id": "c6655885",
   "metadata": {},
   "source": [
    "### Selection of Stock and Risk Aversion(Risk Seeking: A<0; Risk Averse: A>0)"
   ]
  },
  {
   "cell_type": "code",
   "execution_count": 1,
   "id": "60fd4dc5",
   "metadata": {},
   "outputs": [],
   "source": [
    "# Fetch multiple stocks at once\n",
    "stock_list = [\"NVDA\", \"AAPL\", \"MSFT\",\"COST\",\"TSLA\",\"AMZN\",\"INTC\",\"BTC\",\"BA\"]\n",
    "# Risk aversion\n",
    "A = 0.01"
   ]
  },
  {
   "cell_type": "markdown",
   "id": "f162f6c9",
   "metadata": {},
   "source": [
    "## Data Processing"
   ]
  },
  {
   "cell_type": "markdown",
   "id": "7ac397b1",
   "metadata": {},
   "source": [
    "### Import"
   ]
  },
  {
   "cell_type": "code",
   "execution_count": 2,
   "id": "790684e8",
   "metadata": {},
   "outputs": [],
   "source": [
    "import yfinance as yf\n",
    "import pandas as pd\n",
    "import numpy as np\n",
    "import matplotlib.pyplot as plt\n",
    "import seaborn as sns\n",
    "from scipy.stats import norm, kurtosis, skew\n",
    "import warnings\n",
    "from scipy.stats import norm\n",
    "import scipy.linalg as la\n",
    "from matplotlib.widgets import Slider\n",
    "import sys\n",
    "from PyQt5.QtWidgets import (QApplication, QMainWindow, QVBoxLayout, QHBoxLayout, \n",
    "                            QWidget, QLabel, QDoubleSpinBox, QPushButton, QGroupBox, QSlider)\n",
    "from matplotlib.backends.backend_qt5agg import FigureCanvasQTAgg as FigureCanvas\n",
    "from matplotlib.figure import Figure\n",
    "from PyQt5.QtCore import Qt\n",
    "import sys\n",
    "import numpy as np\n",
    "from scipy.stats import norm\n",
    "from PyQt5.QtWidgets import *\n",
    "from PyQt5.QtCore import Qt\n",
    "from matplotlib.backends.backend_qt5agg import FigureCanvasQTAgg as FigureCanvas\n",
    "from matplotlib.figure import Figure"
   ]
  },
  {
   "cell_type": "markdown",
   "id": "31f66f69",
   "metadata": {},
   "source": [
    "### Fetch stock historical data from yahoo finance"
   ]
  },
  {
   "cell_type": "code",
   "execution_count": 3,
   "id": "6797606b",
   "metadata": {},
   "outputs": [
    {
     "name": "stderr",
     "output_type": "stream",
     "text": [
      "C:\\Users\\Lenovo\\AppData\\Local\\Temp\\ipykernel_11884\\701291279.py:2: FutureWarning: YF.download() has changed argument auto_adjust default to True\n",
      "  data = yf.download(stock_list, start=\"2024-01-01\", interval=\"1d\")\n",
      "[*********************100%***********************]  9 of 9 completed\n",
      "C:\\Users\\Lenovo\\AppData\\Local\\Temp\\ipykernel_11884\\701291279.py:8: FutureWarning: The default fill_method='pad' in DataFrame.pct_change is deprecated and will be removed in a future version. Either fill in any non-leading NA values prior to calling pct_change or specify 'fill_method=None' to not fill NA values.\n",
      "  daily_returns = close_prices.pct_change()  # Convert to percentage\n"
     ]
    }
   ],
   "source": [
    "# Download historical data for all stocks\n",
    "data = yf.download(stock_list, start=\"2024-01-01\", interval=\"1d\")\n",
    "\n",
    "# Extract close prices\n",
    "close_prices = data['Close']\n",
    "\n",
    "# Calculate daily returns (percentage change)\n",
    "daily_returns = close_prices.pct_change()  # Convert to percentage\n",
    "\n",
    "# Remove the first row (NaN values from pct_change)\n",
    "daily_returns = daily_returns.dropna()\n",
    "# Annualize\n",
    "daily_returns = 252 * np.log(1 + daily_returns)\n",
    "\n",
    "# Calculate mean returns and convert to NumPy array\n",
    "mean_returns = daily_returns.mean()\n",
    "mean_np = mean_returns.to_numpy()\n",
    "\n",
    "# Calculate covariance matrix\n",
    "covariance_matrix = daily_returns.cov()\n",
    "cov_np = covariance_matrix.to_numpy()  # Convert to NumPy array\n",
    "\n",
    "# Calculate correlation matrix\n",
    "correlation_matrix = daily_returns.corr()"
   ]
  },
  {
   "cell_type": "markdown",
   "id": "7d36e835",
   "metadata": {},
   "source": [
    "## Display Stock Information"
   ]
  },
  {
   "cell_type": "markdown",
   "id": "5c55d5a7",
   "metadata": {},
   "source": [
    "### Daily close price (%)"
   ]
  },
  {
   "cell_type": "code",
   "execution_count": 4,
   "id": "6935e6f4",
   "metadata": {},
   "outputs": [
    {
     "data": {
      "text/html": [
       "<div>\n",
       "<style scoped>\n",
       "    .dataframe tbody tr th:only-of-type {\n",
       "        vertical-align: middle;\n",
       "    }\n",
       "\n",
       "    .dataframe tbody tr th {\n",
       "        vertical-align: top;\n",
       "    }\n",
       "\n",
       "    .dataframe thead th {\n",
       "        text-align: right;\n",
       "    }\n",
       "</style>\n",
       "<table border=\"1\" class=\"dataframe\">\n",
       "  <thead>\n",
       "    <tr style=\"text-align: right;\">\n",
       "      <th>Ticker</th>\n",
       "      <th>AAPL</th>\n",
       "      <th>AMZN</th>\n",
       "      <th>BA</th>\n",
       "      <th>BTC</th>\n",
       "      <th>COST</th>\n",
       "      <th>INTC</th>\n",
       "      <th>MSFT</th>\n",
       "      <th>NVDA</th>\n",
       "      <th>TSLA</th>\n",
       "    </tr>\n",
       "    <tr>\n",
       "      <th>Date</th>\n",
       "      <th></th>\n",
       "      <th></th>\n",
       "      <th></th>\n",
       "      <th></th>\n",
       "      <th></th>\n",
       "      <th></th>\n",
       "      <th></th>\n",
       "      <th></th>\n",
       "      <th></th>\n",
       "    </tr>\n",
       "  </thead>\n",
       "  <tbody>\n",
       "    <tr>\n",
       "      <th>2025-08-26</th>\n",
       "      <td>229.309998</td>\n",
       "      <td>228.710007</td>\n",
       "      <td>234.830002</td>\n",
       "      <td>49.220001</td>\n",
       "      <td>941.340027</td>\n",
       "      <td>24.35</td>\n",
       "      <td>502.040009</td>\n",
       "      <td>181.770004</td>\n",
       "      <td>351.670013</td>\n",
       "    </tr>\n",
       "    <tr>\n",
       "      <th>2025-08-27</th>\n",
       "      <td>230.490005</td>\n",
       "      <td>229.119995</td>\n",
       "      <td>235.619995</td>\n",
       "      <td>49.669998</td>\n",
       "      <td>949.520020</td>\n",
       "      <td>24.85</td>\n",
       "      <td>506.739990</td>\n",
       "      <td>181.600006</td>\n",
       "      <td>349.600006</td>\n",
       "    </tr>\n",
       "    <tr>\n",
       "      <th>2025-08-28</th>\n",
       "      <td>232.559998</td>\n",
       "      <td>231.600006</td>\n",
       "      <td>236.160004</td>\n",
       "      <td>49.580002</td>\n",
       "      <td>944.960022</td>\n",
       "      <td>24.93</td>\n",
       "      <td>509.640015</td>\n",
       "      <td>180.169998</td>\n",
       "      <td>345.980011</td>\n",
       "    </tr>\n",
       "    <tr>\n",
       "      <th>2025-08-29</th>\n",
       "      <td>232.139999</td>\n",
       "      <td>229.000000</td>\n",
       "      <td>234.679993</td>\n",
       "      <td>47.930000</td>\n",
       "      <td>943.320007</td>\n",
       "      <td>24.35</td>\n",
       "      <td>506.690002</td>\n",
       "      <td>174.179993</td>\n",
       "      <td>333.869995</td>\n",
       "    </tr>\n",
       "    <tr>\n",
       "      <th>2025-09-02</th>\n",
       "      <td>NaN</td>\n",
       "      <td>NaN</td>\n",
       "      <td>NaN</td>\n",
       "      <td>49.145000</td>\n",
       "      <td>938.690002</td>\n",
       "      <td>NaN</td>\n",
       "      <td>NaN</td>\n",
       "      <td>NaN</td>\n",
       "      <td>NaN</td>\n",
       "    </tr>\n",
       "  </tbody>\n",
       "</table>\n",
       "</div>"
      ],
      "text/plain": [
       "Ticker            AAPL        AMZN          BA        BTC        COST   INTC  \\\n",
       "Date                                                                           \n",
       "2025-08-26  229.309998  228.710007  234.830002  49.220001  941.340027  24.35   \n",
       "2025-08-27  230.490005  229.119995  235.619995  49.669998  949.520020  24.85   \n",
       "2025-08-28  232.559998  231.600006  236.160004  49.580002  944.960022  24.93   \n",
       "2025-08-29  232.139999  229.000000  234.679993  47.930000  943.320007  24.35   \n",
       "2025-09-02         NaN         NaN         NaN  49.145000  938.690002    NaN   \n",
       "\n",
       "Ticker            MSFT        NVDA        TSLA  \n",
       "Date                                            \n",
       "2025-08-26  502.040009  181.770004  351.670013  \n",
       "2025-08-27  506.739990  181.600006  349.600006  \n",
       "2025-08-28  509.640015  180.169998  345.980011  \n",
       "2025-08-29  506.690002  174.179993  333.869995  \n",
       "2025-09-02         NaN         NaN         NaN  "
      ]
     },
     "execution_count": 4,
     "metadata": {},
     "output_type": "execute_result"
    }
   ],
   "source": [
    "close_prices.tail()"
   ]
  },
  {
   "cell_type": "markdown",
   "id": "29549d2e",
   "metadata": {},
   "source": [
    "### Daily Returns (%)"
   ]
  },
  {
   "cell_type": "code",
   "execution_count": 5,
   "id": "4bc202f2",
   "metadata": {},
   "outputs": [
    {
     "data": {
      "text/html": [
       "<div>\n",
       "<style scoped>\n",
       "    .dataframe tbody tr th:only-of-type {\n",
       "        vertical-align: middle;\n",
       "    }\n",
       "\n",
       "    .dataframe tbody tr th {\n",
       "        vertical-align: top;\n",
       "    }\n",
       "\n",
       "    .dataframe thead th {\n",
       "        text-align: right;\n",
       "    }\n",
       "</style>\n",
       "<table border=\"1\" class=\"dataframe\">\n",
       "  <thead>\n",
       "    <tr style=\"text-align: right;\">\n",
       "      <th>Ticker</th>\n",
       "      <th>AAPL</th>\n",
       "      <th>AMZN</th>\n",
       "      <th>BA</th>\n",
       "      <th>BTC</th>\n",
       "      <th>COST</th>\n",
       "      <th>INTC</th>\n",
       "      <th>MSFT</th>\n",
       "      <th>NVDA</th>\n",
       "      <th>TSLA</th>\n",
       "    </tr>\n",
       "    <tr>\n",
       "      <th>Date</th>\n",
       "      <th></th>\n",
       "      <th></th>\n",
       "      <th></th>\n",
       "      <th></th>\n",
       "      <th></th>\n",
       "      <th></th>\n",
       "      <th></th>\n",
       "      <th></th>\n",
       "      <th></th>\n",
       "    </tr>\n",
       "  </thead>\n",
       "  <tbody>\n",
       "    <tr>\n",
       "      <th>2025-08-26</th>\n",
       "      <td>2.373880</td>\n",
       "      <td>0.849847</td>\n",
       "      <td>8.690147</td>\n",
       "      <td>0.769161</td>\n",
       "      <td>-0.064238</td>\n",
       "      <td>-2.061349</td>\n",
       "      <td>-1.111878</td>\n",
       "      <td>2.732046</td>\n",
       "      <td>3.659514</td>\n",
       "    </tr>\n",
       "    <tr>\n",
       "      <th>2025-08-27</th>\n",
       "      <td>1.293443</td>\n",
       "      <td>0.451334</td>\n",
       "      <td>0.846332</td>\n",
       "      <td>2.293458</td>\n",
       "      <td>2.180353</td>\n",
       "      <td>5.122127</td>\n",
       "      <td>2.348191</td>\n",
       "      <td>-0.235790</td>\n",
       "      <td>-1.487710</td>\n",
       "    </tr>\n",
       "    <tr>\n",
       "      <th>2025-08-28</th>\n",
       "      <td>2.253068</td>\n",
       "      <td>2.713009</td>\n",
       "      <td>0.576888</td>\n",
       "      <td>-0.457009</td>\n",
       "      <td>-1.213126</td>\n",
       "      <td>0.809964</td>\n",
       "      <td>1.438061</td>\n",
       "      <td>-1.992226</td>\n",
       "      <td>-2.622982</td>\n",
       "    </tr>\n",
       "    <tr>\n",
       "      <th>2025-08-29</th>\n",
       "      <td>-0.455518</td>\n",
       "      <td>-2.845022</td>\n",
       "      <td>-1.584249</td>\n",
       "      <td>-8.529178</td>\n",
       "      <td>-0.437736</td>\n",
       "      <td>-5.932091</td>\n",
       "      <td>-1.462921</td>\n",
       "      <td>-8.520532</td>\n",
       "      <td>-8.978589</td>\n",
       "    </tr>\n",
       "    <tr>\n",
       "      <th>2025-09-02</th>\n",
       "      <td>0.000000</td>\n",
       "      <td>0.000000</td>\n",
       "      <td>0.000000</td>\n",
       "      <td>6.308442</td>\n",
       "      <td>-1.239912</td>\n",
       "      <td>0.000000</td>\n",
       "      <td>0.000000</td>\n",
       "      <td>0.000000</td>\n",
       "      <td>0.000000</td>\n",
       "    </tr>\n",
       "  </tbody>\n",
       "</table>\n",
       "</div>"
      ],
      "text/plain": [
       "Ticker          AAPL      AMZN        BA       BTC      COST      INTC  \\\n",
       "Date                                                                     \n",
       "2025-08-26  2.373880  0.849847  8.690147  0.769161 -0.064238 -2.061349   \n",
       "2025-08-27  1.293443  0.451334  0.846332  2.293458  2.180353  5.122127   \n",
       "2025-08-28  2.253068  2.713009  0.576888 -0.457009 -1.213126  0.809964   \n",
       "2025-08-29 -0.455518 -2.845022 -1.584249 -8.529178 -0.437736 -5.932091   \n",
       "2025-09-02  0.000000  0.000000  0.000000  6.308442 -1.239912  0.000000   \n",
       "\n",
       "Ticker          MSFT      NVDA      TSLA  \n",
       "Date                                      \n",
       "2025-08-26 -1.111878  2.732046  3.659514  \n",
       "2025-08-27  2.348191 -0.235790 -1.487710  \n",
       "2025-08-28  1.438061 -1.992226 -2.622982  \n",
       "2025-08-29 -1.462921 -8.520532 -8.978589  \n",
       "2025-09-02  0.000000  0.000000  0.000000  "
      ]
     },
     "execution_count": 5,
     "metadata": {},
     "output_type": "execute_result"
    }
   ],
   "source": [
    "daily_returns.tail()"
   ]
  },
  {
   "cell_type": "markdown",
   "id": "f49857d7",
   "metadata": {},
   "source": [
    "### Summary Statistics for Daily Returns (%):"
   ]
  },
  {
   "cell_type": "code",
   "execution_count": 6,
   "id": "25c59d54",
   "metadata": {},
   "outputs": [
    {
     "data": {
      "text/html": [
       "<div>\n",
       "<style scoped>\n",
       "    .dataframe tbody tr th:only-of-type {\n",
       "        vertical-align: middle;\n",
       "    }\n",
       "\n",
       "    .dataframe tbody tr th {\n",
       "        vertical-align: top;\n",
       "    }\n",
       "\n",
       "    .dataframe thead th {\n",
       "        text-align: right;\n",
       "    }\n",
       "</style>\n",
       "<table border=\"1\" class=\"dataframe\">\n",
       "  <thead>\n",
       "    <tr style=\"text-align: right;\">\n",
       "      <th>Ticker</th>\n",
       "      <th>AAPL</th>\n",
       "      <th>AMZN</th>\n",
       "      <th>BA</th>\n",
       "      <th>BTC</th>\n",
       "      <th>COST</th>\n",
       "      <th>INTC</th>\n",
       "      <th>MSFT</th>\n",
       "      <th>NVDA</th>\n",
       "      <th>TSLA</th>\n",
       "    </tr>\n",
       "  </thead>\n",
       "  <tbody>\n",
       "    <tr>\n",
       "      <th>count</th>\n",
       "      <td>272.000000</td>\n",
       "      <td>272.000000</td>\n",
       "      <td>272.000000</td>\n",
       "      <td>272.000000</td>\n",
       "      <td>272.000000</td>\n",
       "      <td>272.000000</td>\n",
       "      <td>272.000000</td>\n",
       "      <td>272.000000</td>\n",
       "      <td>272.000000</td>\n",
       "    </tr>\n",
       "    <tr>\n",
       "      <th>mean</th>\n",
       "      <td>0.046419</td>\n",
       "      <td>0.187814</td>\n",
       "      <td>0.192748</td>\n",
       "      <td>0.490293</td>\n",
       "      <td>0.127727</td>\n",
       "      <td>-0.210039</td>\n",
       "      <td>0.186092</td>\n",
       "      <td>0.368791</td>\n",
       "      <td>0.336969</td>\n",
       "    </tr>\n",
       "    <tr>\n",
       "      <th>std</th>\n",
       "      <td>4.954616</td>\n",
       "      <td>5.459175</td>\n",
       "      <td>6.057746</td>\n",
       "      <td>7.840288</td>\n",
       "      <td>3.433999</td>\n",
       "      <td>10.353766</td>\n",
       "      <td>3.855129</td>\n",
       "      <td>8.374857</td>\n",
       "      <td>11.010764</td>\n",
       "    </tr>\n",
       "    <tr>\n",
       "      <th>min</th>\n",
       "      <td>-24.447353</td>\n",
       "      <td>-23.708502</td>\n",
       "      <td>-27.873241</td>\n",
       "      <td>-39.678273</td>\n",
       "      <td>-15.778805</td>\n",
       "      <td>-76.077828</td>\n",
       "      <td>-16.078028</td>\n",
       "      <td>-46.858420</td>\n",
       "      <td>-42.221527</td>\n",
       "    </tr>\n",
       "    <tr>\n",
       "      <th>25%</th>\n",
       "      <td>-1.724247</td>\n",
       "      <td>-2.314810</td>\n",
       "      <td>-2.779633</td>\n",
       "      <td>-3.939525</td>\n",
       "      <td>-1.619595</td>\n",
       "      <td>-5.640810</td>\n",
       "      <td>-1.505620</td>\n",
       "      <td>-3.509007</td>\n",
       "      <td>-5.748642</td>\n",
       "    </tr>\n",
       "    <tr>\n",
       "      <th>50%</th>\n",
       "      <td>0.295106</td>\n",
       "      <td>0.131729</td>\n",
       "      <td>0.396385</td>\n",
       "      <td>0.270008</td>\n",
       "      <td>0.071859</td>\n",
       "      <td>-0.462940</td>\n",
       "      <td>0.283841</td>\n",
       "      <td>0.862028</td>\n",
       "      <td>-0.108762</td>\n",
       "    </tr>\n",
       "    <tr>\n",
       "      <th>75%</th>\n",
       "      <td>2.362604</td>\n",
       "      <td>3.251981</td>\n",
       "      <td>3.443929</td>\n",
       "      <td>5.256602</td>\n",
       "      <td>2.025573</td>\n",
       "      <td>4.639768</td>\n",
       "      <td>2.031097</td>\n",
       "      <td>5.123200</td>\n",
       "      <td>7.157741</td>\n",
       "    </tr>\n",
       "    <tr>\n",
       "      <th>max</th>\n",
       "      <td>35.939586</td>\n",
       "      <td>28.507144</td>\n",
       "      <td>36.038524</td>\n",
       "      <td>32.302945</td>\n",
       "      <td>15.184246</td>\n",
       "      <td>43.313600</td>\n",
       "      <td>24.324243</td>\n",
       "      <td>43.248392</td>\n",
       "      <td>51.531626</td>\n",
       "    </tr>\n",
       "  </tbody>\n",
       "</table>\n",
       "</div>"
      ],
      "text/plain": [
       "Ticker        AAPL        AMZN          BA         BTC        COST  \\\n",
       "count   272.000000  272.000000  272.000000  272.000000  272.000000   \n",
       "mean      0.046419    0.187814    0.192748    0.490293    0.127727   \n",
       "std       4.954616    5.459175    6.057746    7.840288    3.433999   \n",
       "min     -24.447353  -23.708502  -27.873241  -39.678273  -15.778805   \n",
       "25%      -1.724247   -2.314810   -2.779633   -3.939525   -1.619595   \n",
       "50%       0.295106    0.131729    0.396385    0.270008    0.071859   \n",
       "75%       2.362604    3.251981    3.443929    5.256602    2.025573   \n",
       "max      35.939586   28.507144   36.038524   32.302945   15.184246   \n",
       "\n",
       "Ticker        INTC        MSFT        NVDA        TSLA  \n",
       "count   272.000000  272.000000  272.000000  272.000000  \n",
       "mean     -0.210039    0.186092    0.368791    0.336969  \n",
       "std      10.353766    3.855129    8.374857   11.010764  \n",
       "min     -76.077828  -16.078028  -46.858420  -42.221527  \n",
       "25%      -5.640810   -1.505620   -3.509007   -5.748642  \n",
       "50%      -0.462940    0.283841    0.862028   -0.108762  \n",
       "75%       4.639768    2.031097    5.123200    7.157741  \n",
       "max      43.313600   24.324243   43.248392   51.531626  "
      ]
     },
     "execution_count": 6,
     "metadata": {},
     "output_type": "execute_result"
    }
   ],
   "source": [
    "daily_returns.describe()"
   ]
  },
  {
   "cell_type": "markdown",
   "id": "b2406eee",
   "metadata": {},
   "source": [
    "### Daily Returns Covariance Matrix:"
   ]
  },
  {
   "cell_type": "code",
   "execution_count": 7,
   "id": "c77920bb",
   "metadata": {},
   "outputs": [
    {
     "data": {
      "text/html": [
       "<div>\n",
       "<style scoped>\n",
       "    .dataframe tbody tr th:only-of-type {\n",
       "        vertical-align: middle;\n",
       "    }\n",
       "\n",
       "    .dataframe tbody tr th {\n",
       "        vertical-align: top;\n",
       "    }\n",
       "\n",
       "    .dataframe thead th {\n",
       "        text-align: right;\n",
       "    }\n",
       "</style>\n",
       "<table border=\"1\" class=\"dataframe\">\n",
       "  <thead>\n",
       "    <tr style=\"text-align: right;\">\n",
       "      <th>Ticker</th>\n",
       "      <th>AAPL</th>\n",
       "      <th>AMZN</th>\n",
       "      <th>BA</th>\n",
       "      <th>BTC</th>\n",
       "      <th>COST</th>\n",
       "      <th>INTC</th>\n",
       "      <th>MSFT</th>\n",
       "      <th>NVDA</th>\n",
       "      <th>TSLA</th>\n",
       "    </tr>\n",
       "    <tr>\n",
       "      <th>Ticker</th>\n",
       "      <th></th>\n",
       "      <th></th>\n",
       "      <th></th>\n",
       "      <th></th>\n",
       "      <th></th>\n",
       "      <th></th>\n",
       "      <th></th>\n",
       "      <th></th>\n",
       "      <th></th>\n",
       "    </tr>\n",
       "  </thead>\n",
       "  <tbody>\n",
       "    <tr>\n",
       "      <th>AAPL</th>\n",
       "      <td>24.548215</td>\n",
       "      <td>15.613979</td>\n",
       "      <td>13.751226</td>\n",
       "      <td>11.471260</td>\n",
       "      <td>7.035269</td>\n",
       "      <td>15.874016</td>\n",
       "      <td>10.292704</td>\n",
       "      <td>18.107054</td>\n",
       "      <td>26.171156</td>\n",
       "    </tr>\n",
       "    <tr>\n",
       "      <th>AMZN</th>\n",
       "      <td>15.613979</td>\n",
       "      <td>29.802595</td>\n",
       "      <td>16.262727</td>\n",
       "      <td>14.804182</td>\n",
       "      <td>6.062885</td>\n",
       "      <td>26.598181</td>\n",
       "      <td>14.400167</td>\n",
       "      <td>25.785980</td>\n",
       "      <td>31.265464</td>\n",
       "    </tr>\n",
       "    <tr>\n",
       "      <th>BA</th>\n",
       "      <td>13.751226</td>\n",
       "      <td>16.262727</td>\n",
       "      <td>36.696283</td>\n",
       "      <td>12.351342</td>\n",
       "      <td>7.031276</td>\n",
       "      <td>23.112763</td>\n",
       "      <td>8.557368</td>\n",
       "      <td>21.379891</td>\n",
       "      <td>29.097069</td>\n",
       "    </tr>\n",
       "    <tr>\n",
       "      <th>BTC</th>\n",
       "      <td>11.471260</td>\n",
       "      <td>14.804182</td>\n",
       "      <td>12.351342</td>\n",
       "      <td>61.470117</td>\n",
       "      <td>6.576743</td>\n",
       "      <td>13.557792</td>\n",
       "      <td>10.116730</td>\n",
       "      <td>22.571086</td>\n",
       "      <td>41.915392</td>\n",
       "    </tr>\n",
       "    <tr>\n",
       "      <th>COST</th>\n",
       "      <td>7.035269</td>\n",
       "      <td>6.062885</td>\n",
       "      <td>7.031276</td>\n",
       "      <td>6.576743</td>\n",
       "      <td>11.792346</td>\n",
       "      <td>5.987363</td>\n",
       "      <td>4.981353</td>\n",
       "      <td>6.756115</td>\n",
       "      <td>14.454060</td>\n",
       "    </tr>\n",
       "    <tr>\n",
       "      <th>INTC</th>\n",
       "      <td>15.874016</td>\n",
       "      <td>26.598181</td>\n",
       "      <td>23.112763</td>\n",
       "      <td>13.557792</td>\n",
       "      <td>5.987363</td>\n",
       "      <td>107.200460</td>\n",
       "      <td>14.131019</td>\n",
       "      <td>32.229382</td>\n",
       "      <td>38.523292</td>\n",
       "    </tr>\n",
       "    <tr>\n",
       "      <th>MSFT</th>\n",
       "      <td>10.292704</td>\n",
       "      <td>14.400167</td>\n",
       "      <td>8.557368</td>\n",
       "      <td>10.116730</td>\n",
       "      <td>4.981353</td>\n",
       "      <td>14.131019</td>\n",
       "      <td>14.862016</td>\n",
       "      <td>20.050573</td>\n",
       "      <td>19.465936</td>\n",
       "    </tr>\n",
       "    <tr>\n",
       "      <th>NVDA</th>\n",
       "      <td>18.107054</td>\n",
       "      <td>25.785980</td>\n",
       "      <td>21.379891</td>\n",
       "      <td>22.571086</td>\n",
       "      <td>6.756115</td>\n",
       "      <td>32.229382</td>\n",
       "      <td>20.050573</td>\n",
       "      <td>70.138234</td>\n",
       "      <td>43.295908</td>\n",
       "    </tr>\n",
       "    <tr>\n",
       "      <th>TSLA</th>\n",
       "      <td>26.171156</td>\n",
       "      <td>31.265464</td>\n",
       "      <td>29.097069</td>\n",
       "      <td>41.915392</td>\n",
       "      <td>14.454060</td>\n",
       "      <td>38.523292</td>\n",
       "      <td>19.465936</td>\n",
       "      <td>43.295908</td>\n",
       "      <td>121.236913</td>\n",
       "    </tr>\n",
       "  </tbody>\n",
       "</table>\n",
       "</div>"
      ],
      "text/plain": [
       "Ticker       AAPL       AMZN         BA        BTC       COST        INTC  \\\n",
       "Ticker                                                                      \n",
       "AAPL    24.548215  15.613979  13.751226  11.471260   7.035269   15.874016   \n",
       "AMZN    15.613979  29.802595  16.262727  14.804182   6.062885   26.598181   \n",
       "BA      13.751226  16.262727  36.696283  12.351342   7.031276   23.112763   \n",
       "BTC     11.471260  14.804182  12.351342  61.470117   6.576743   13.557792   \n",
       "COST     7.035269   6.062885   7.031276   6.576743  11.792346    5.987363   \n",
       "INTC    15.874016  26.598181  23.112763  13.557792   5.987363  107.200460   \n",
       "MSFT    10.292704  14.400167   8.557368  10.116730   4.981353   14.131019   \n",
       "NVDA    18.107054  25.785980  21.379891  22.571086   6.756115   32.229382   \n",
       "TSLA    26.171156  31.265464  29.097069  41.915392  14.454060   38.523292   \n",
       "\n",
       "Ticker       MSFT       NVDA        TSLA  \n",
       "Ticker                                    \n",
       "AAPL    10.292704  18.107054   26.171156  \n",
       "AMZN    14.400167  25.785980   31.265464  \n",
       "BA       8.557368  21.379891   29.097069  \n",
       "BTC     10.116730  22.571086   41.915392  \n",
       "COST     4.981353   6.756115   14.454060  \n",
       "INTC    14.131019  32.229382   38.523292  \n",
       "MSFT    14.862016  20.050573   19.465936  \n",
       "NVDA    20.050573  70.138234   43.295908  \n",
       "TSLA    19.465936  43.295908  121.236913  "
      ]
     },
     "execution_count": 7,
     "metadata": {},
     "output_type": "execute_result"
    }
   ],
   "source": [
    "covariance_matrix"
   ]
  },
  {
   "cell_type": "markdown",
   "id": "d213042d",
   "metadata": {},
   "source": [
    "### Daily Returns Correlation Matrix:"
   ]
  },
  {
   "cell_type": "code",
   "execution_count": 8,
   "id": "5a12404b",
   "metadata": {},
   "outputs": [
    {
     "data": {
      "text/html": [
       "<div>\n",
       "<style scoped>\n",
       "    .dataframe tbody tr th:only-of-type {\n",
       "        vertical-align: middle;\n",
       "    }\n",
       "\n",
       "    .dataframe tbody tr th {\n",
       "        vertical-align: top;\n",
       "    }\n",
       "\n",
       "    .dataframe thead th {\n",
       "        text-align: right;\n",
       "    }\n",
       "</style>\n",
       "<table border=\"1\" class=\"dataframe\">\n",
       "  <thead>\n",
       "    <tr style=\"text-align: right;\">\n",
       "      <th>Ticker</th>\n",
       "      <th>AAPL</th>\n",
       "      <th>AMZN</th>\n",
       "      <th>BA</th>\n",
       "      <th>BTC</th>\n",
       "      <th>COST</th>\n",
       "      <th>INTC</th>\n",
       "      <th>MSFT</th>\n",
       "      <th>NVDA</th>\n",
       "      <th>TSLA</th>\n",
       "    </tr>\n",
       "    <tr>\n",
       "      <th>Ticker</th>\n",
       "      <th></th>\n",
       "      <th></th>\n",
       "      <th></th>\n",
       "      <th></th>\n",
       "      <th></th>\n",
       "      <th></th>\n",
       "      <th></th>\n",
       "      <th></th>\n",
       "      <th></th>\n",
       "    </tr>\n",
       "  </thead>\n",
       "  <tbody>\n",
       "    <tr>\n",
       "      <th>AAPL</th>\n",
       "      <td>1.000000</td>\n",
       "      <td>0.577267</td>\n",
       "      <td>0.458163</td>\n",
       "      <td>0.295304</td>\n",
       "      <td>0.413495</td>\n",
       "      <td>0.309441</td>\n",
       "      <td>0.538866</td>\n",
       "      <td>0.436376</td>\n",
       "      <td>0.479728</td>\n",
       "    </tr>\n",
       "    <tr>\n",
       "      <th>AMZN</th>\n",
       "      <td>0.577267</td>\n",
       "      <td>1.000000</td>\n",
       "      <td>0.491762</td>\n",
       "      <td>0.345880</td>\n",
       "      <td>0.323409</td>\n",
       "      <td>0.470573</td>\n",
       "      <td>0.684229</td>\n",
       "      <td>0.564000</td>\n",
       "      <td>0.520140</td>\n",
       "    </tr>\n",
       "    <tr>\n",
       "      <th>BA</th>\n",
       "      <td>0.458163</td>\n",
       "      <td>0.491762</td>\n",
       "      <td>1.000000</td>\n",
       "      <td>0.260059</td>\n",
       "      <td>0.338005</td>\n",
       "      <td>0.368504</td>\n",
       "      <td>0.366429</td>\n",
       "      <td>0.421422</td>\n",
       "      <td>0.436235</td>\n",
       "    </tr>\n",
       "    <tr>\n",
       "      <th>BTC</th>\n",
       "      <td>0.295304</td>\n",
       "      <td>0.345880</td>\n",
       "      <td>0.260059</td>\n",
       "      <td>1.000000</td>\n",
       "      <td>0.244275</td>\n",
       "      <td>0.167016</td>\n",
       "      <td>0.334710</td>\n",
       "      <td>0.343750</td>\n",
       "      <td>0.485539</td>\n",
       "    </tr>\n",
       "    <tr>\n",
       "      <th>COST</th>\n",
       "      <td>0.413495</td>\n",
       "      <td>0.323409</td>\n",
       "      <td>0.338005</td>\n",
       "      <td>0.244275</td>\n",
       "      <td>1.000000</td>\n",
       "      <td>0.168398</td>\n",
       "      <td>0.376278</td>\n",
       "      <td>0.234920</td>\n",
       "      <td>0.382272</td>\n",
       "    </tr>\n",
       "    <tr>\n",
       "      <th>INTC</th>\n",
       "      <td>0.309441</td>\n",
       "      <td>0.470573</td>\n",
       "      <td>0.368504</td>\n",
       "      <td>0.167016</td>\n",
       "      <td>0.168398</td>\n",
       "      <td>1.000000</td>\n",
       "      <td>0.354027</td>\n",
       "      <td>0.371686</td>\n",
       "      <td>0.337915</td>\n",
       "    </tr>\n",
       "    <tr>\n",
       "      <th>MSFT</th>\n",
       "      <td>0.538866</td>\n",
       "      <td>0.684229</td>\n",
       "      <td>0.366429</td>\n",
       "      <td>0.334710</td>\n",
       "      <td>0.376278</td>\n",
       "      <td>0.354027</td>\n",
       "      <td>1.000000</td>\n",
       "      <td>0.621027</td>\n",
       "      <td>0.458584</td>\n",
       "    </tr>\n",
       "    <tr>\n",
       "      <th>NVDA</th>\n",
       "      <td>0.436376</td>\n",
       "      <td>0.564000</td>\n",
       "      <td>0.421422</td>\n",
       "      <td>0.343750</td>\n",
       "      <td>0.234920</td>\n",
       "      <td>0.371686</td>\n",
       "      <td>0.621027</td>\n",
       "      <td>1.000000</td>\n",
       "      <td>0.469518</td>\n",
       "    </tr>\n",
       "    <tr>\n",
       "      <th>TSLA</th>\n",
       "      <td>0.479728</td>\n",
       "      <td>0.520140</td>\n",
       "      <td>0.436235</td>\n",
       "      <td>0.485539</td>\n",
       "      <td>0.382272</td>\n",
       "      <td>0.337915</td>\n",
       "      <td>0.458584</td>\n",
       "      <td>0.469518</td>\n",
       "      <td>1.000000</td>\n",
       "    </tr>\n",
       "  </tbody>\n",
       "</table>\n",
       "</div>"
      ],
      "text/plain": [
       "Ticker      AAPL      AMZN        BA       BTC      COST      INTC      MSFT  \\\n",
       "Ticker                                                                         \n",
       "AAPL    1.000000  0.577267  0.458163  0.295304  0.413495  0.309441  0.538866   \n",
       "AMZN    0.577267  1.000000  0.491762  0.345880  0.323409  0.470573  0.684229   \n",
       "BA      0.458163  0.491762  1.000000  0.260059  0.338005  0.368504  0.366429   \n",
       "BTC     0.295304  0.345880  0.260059  1.000000  0.244275  0.167016  0.334710   \n",
       "COST    0.413495  0.323409  0.338005  0.244275  1.000000  0.168398  0.376278   \n",
       "INTC    0.309441  0.470573  0.368504  0.167016  0.168398  1.000000  0.354027   \n",
       "MSFT    0.538866  0.684229  0.366429  0.334710  0.376278  0.354027  1.000000   \n",
       "NVDA    0.436376  0.564000  0.421422  0.343750  0.234920  0.371686  0.621027   \n",
       "TSLA    0.479728  0.520140  0.436235  0.485539  0.382272  0.337915  0.458584   \n",
       "\n",
       "Ticker      NVDA      TSLA  \n",
       "Ticker                      \n",
       "AAPL    0.436376  0.479728  \n",
       "AMZN    0.564000  0.520140  \n",
       "BA      0.421422  0.436235  \n",
       "BTC     0.343750  0.485539  \n",
       "COST    0.234920  0.382272  \n",
       "INTC    0.371686  0.337915  \n",
       "MSFT    0.621027  0.458584  \n",
       "NVDA    1.000000  0.469518  \n",
       "TSLA    0.469518  1.000000  "
      ]
     },
     "execution_count": 8,
     "metadata": {},
     "output_type": "execute_result"
    }
   ],
   "source": [
    "correlation_matrix"
   ]
  },
  {
   "cell_type": "markdown",
   "id": "e7775f20",
   "metadata": {},
   "source": [
    "### Distribution of Daily Return of Each Stock"
   ]
  },
  {
   "cell_type": "code",
   "execution_count": 9,
   "id": "d541e307",
   "metadata": {},
   "outputs": [
    {
     "data": {
