{
 "cells": [
  {
   "cell_type": "markdown",
   "id": "872edb54",
   "metadata": {},
   "source": [
    "# ðŸ“Š Optimal Portfolio Allocation using Adam Optimization\n",
    "\n",
    "## Overview\n",
    "This notebook demonstrates **modern portfolio optimization** using the **Adam (Adaptive Moment Estimation)** algorithm to find optimal asset allocation weights. We'll compare Adam optimization with traditional methods like Gradient Descent and Closed-Form solutions.\n",
    "\n",
    "### Key Features:\n",
    "- ðŸŽ¯ **Multi-asset portfolio optimization** (9 stocks including tech, retail, and crypto)\n",
    "- ðŸ§  **Adam optimization** with momentum and adaptive learning rates\n",
    "- ðŸ“ˆ **Risk-return analysis** with utility maximization\n",
    "- ðŸ“Š **Interactive visualizations** and convergence analysis\n",
    "- ðŸ”„ **Algorithm comparison** (Adam vs GD vs Closed-Form)\n",
    "\n",
    "### Mathematical Foundation:\n",
    "We solve the portfolio optimization problem:\n",
    "```\n",
    "maximize: U(w) = Î¼áµ€w - Â½AÂ·wáµ€Î£w\n",
    "subject to: Î£wáµ¢ = 1, wáµ¢ â‰¥ 0 (long-only constraint)\n",
    "```\n",
    "\n",
    "Where:\n",
    "- `w` = portfolio weights vector\n",
    "- `Î¼` = expected returns vector  \n",
    "- `Î£` = covariance matrix\n",
    "- `A` = risk aversion parameter"
   ]
  },
  {
   "cell_type": "markdown",
   "id": "c6655885",
   "metadata": {},
   "source": [
    "## ðŸŽ¯ Portfolio Configuration\n",
    "\n",
    "### Asset Selection\n",
    "We've selected a **diversified portfolio** of 9 assets across different sectors:\n",
    "\n",
    "| **Sector** | **Assets** | **Rationale** |\n",
    "|------------|------------|---------------|\n",
    "| **Technology** | NVDA, AAPL, MSFT, INTC | High-growth tech stocks with different market caps |\n",
    "| **E-commerce** | AMZN | Dominant e-commerce and cloud computing |\n",
    "| **Automotive** | TSLA | Electric vehicle leader with high volatility |\n",
    "| **Retail** | COST | Stable retail with membership model |\n",
    "| **Aerospace** | BA | Industrial/defense exposure |\n",
    "| **Cryptocurrency** | BTC | Alternative asset class for diversification |\n",
    "\n",
    "### Risk Aversion Parameter\n",
    "- **A = 0.01** (Risk Averse)\n",
    "- **Interpretation:** \n",
    "  - `A > 0`: Risk averse investor (penalizes variance)\n",
    "  - `A = 0`: Risk neutral (only cares about returns)\n",
    "  - `A < 0`: Risk seeking (prefers higher variance)\n",
    "\n",
    "**Higher A values** â†’ More conservative portfolios with lower risk\n",
    "**Lower A values** â†’ More aggressive portfolios with higher expected returns"
   ]
  },
  {
   "cell_type": "code",
   "execution_count": 65,
   "id": "60fd4dc5",
   "metadata": {},
   "outputs": [],
   "source": [
    "# Fetch multiple stocks at once\n",
    "stock_list = [\"NVDA\", \"AAPL\", \"MSFT\",\"COST\",\"TSLA\",\"AMZN\",\"INTC\",\"BTC\",\"BA\"]\n",
    "# Risk aversion\n",
    "A = 0.01"
   ]
  },
  {
   "cell_type": "markdown",
   "id": "f162f6c9",
   "metadata": {},
   "source": [
    "## ðŸ“Š Data Processing & Analysis\n",
    "\n",
    "### Data Pipeline Overview\n",
    "Our data processing pipeline follows these key steps:\n",
    "\n",
    "1. **ðŸ“¥ Data Collection**: Fetch historical price data from Yahoo Finance\n",
    "2. **ðŸ”„ Returns Calculation**: Compute daily log returns and annualize them\n",
    "3. **ðŸ“ˆ Statistical Analysis**: Calculate mean returns, covariance, and correlation matrices\n",
    "4. **ðŸŽ¨ Visualization**: Create distribution plots and correlation heatmaps\n",
    "\n",
    "### Key Metrics Calculated:\n",
    "- **Daily Returns**: `r_t = ln(P_t / P_{t-1}) Ã— 252` (annualized)\n",
    "- **Mean Returns**: `Î¼ = E[r_t]` (expected annual returns)\n",
    "- **Covariance Matrix**: `Î£ = Cov(r_i, r_j)` (risk relationships)\n",
    "- **Correlation Matrix**: `Ï_{i,j} = Î£_{i,j} / (Ïƒ_i Ã— Ïƒ_j)` (normalized relationships)"
   ]
  },
  {
   "cell_type": "markdown",
   "id": "7ac397b1",
   "metadata": {},
   "source": [
    "### ðŸ“¦ Required Libraries\n",
    "\n",
    "**Core Libraries:**\n",
    "- `yfinance`: Financial data retrieval from Yahoo Finance\n",
    "- `pandas` & `numpy`: Data manipulation and numerical computations\n",
    "- `matplotlib` & `seaborn`: Statistical visualizations and plotting\n",
    "- `scipy`: Statistical functions and linear algebra operations\n",
    "\n",
    "**GUI & Interactive Features:**\n",
    "- `PyQt5`: Interactive portfolio distribution explorer\n",
    "- `matplotlib.backends.backend_qt5agg`: Qt5 integration for matplotlib\n",
    "\n",
    "**Key Statistical Functions:**\n",
    "- `norm`: Normal distribution for risk modeling\n",
    "- `kurtosis` & `skew`: Higher moment analysis\n",
    "- `scipy.linalg`: Matrix operations for portfolio optimization"
   ]
  },
  {
   "cell_type": "code",
   "execution_count": 66,
   "id": "790684e8",
   "metadata": {},
   "outputs": [],
   "source": [
    "import yfinance as yf\n",
    "import pandas as pd\n",
    "import numpy as np\n",
    "import matplotlib.pyplot as plt\n",
    "import seaborn as sns\n",
    "from scipy.stats import norm, kurtosis, skew\n",
    "import warnings\n",
    "from scipy.stats import norm\n",
    "import scipy.linalg as la\n",
    "from matplotlib.widgets import Slider\n",
    "import sys\n",
    "from PyQt5.QtWidgets import (QApplication, QMainWindow, QVBoxLayout, QHBoxLayout, \n",
    "                            QWidget, QLabel, QDoubleSpinBox, QPushButton, QGroupBox, QSlider)\n",
    "from matplotlib.backends.backend_qt5agg import FigureCanvasQTAgg as FigureCanvas\n",
    "from matplotlib.figure import Figure\n",
    "from PyQt5.QtCore import Qt\n",
    "import sys\n",
    "import numpy as np\n",
    "from scipy.stats import norm\n",
    "from PyQt5.QtWidgets import *\n",
    "from PyQt5.QtCore import Qt\n",
    "from matplotlib.backends.backend_qt5agg import FigureCanvasQTAgg as FigureCanvas\n",
    "from matplotlib.figure import Figure"
   ]
  },
  {
   "cell_type": "markdown",
   "id": "31f66f69",
   "metadata": {},
   "source": [
    "### ðŸ“ˆ Historical Data Retrieval\n",
    "\n",
    "**Data Source**: Yahoo Finance API via `yfinance`  \n",
    "**Time Period**: January 1, 2024 - Present  \n",
    "**Frequency**: Daily data  \n",
    "**Assets**: 9 diversified stocks across multiple sectors\n",
    "\n",
    "**Processing Steps:**\n",
    "1. **Download**: Fetch OHLCV data for all assets\n",
    "2. **Extract**: Close prices for return calculations\n",
    "3. **Calculate Returns**: Daily percentage changes â†’ Log returns â†’ Annualized\n",
    "4. **Clean Data**: Remove NaN values from first day\n",
    "5. **Compute Statistics**: Mean returns, covariance, and correlation matrices\n",
    "\n",
    "**Annualization Factor**: 252 trading days per year\n",
    "**Return Formula**: `r_annual = 252 Ã— ln(1 + r_daily)`"
   ]
  },
  {
   "cell_type": "code",
   "execution_count": 67,
   "id": "6797606b",
   "metadata": {},
   "outputs": [
    {
     "name": "stderr",
     "output_type": "stream",
     "text": [
      "[*********************100%***********************]  9 of 9 completed\n"
     ]
    }
   ],
   "source": [
    "# Download historical data for all stocks\n",
    "data = yf.download(stock_list, start=\"2024-01-01\", interval=\"1d\")\n",
    "\n",
    "# Extract close prices\n",
    "close_prices = data['Close']\n",
    "\n",
    "# Calculate daily returns (percentage change)\n",
    "daily_returns = close_prices.pct_change()  # Convert to percentage\n",
    "\n",
    "# Remove the first row (NaN values from pct_change)\n",
    "daily_returns = daily_returns.dropna()\n",
    "# Annualize\n",
    "daily_returns = 252 * np.log(1 + daily_returns)\n",
    "\n",
    "# Calculate mean returns and convert to NumPy array\n",
    "mean_returns = daily_returns.mean()\n",
    "mean_np = mean_returns.to_numpy()\n",
    "\n",
    "# Calculate covariance matrix\n",
    "covariance_matrix = daily_returns.cov()\n",
    "cov_np = covariance_matrix.to_numpy()  # Convert to NumPy array\n",
    "\n",
    "# Calculate correlation matrix\n",
    "correlation_matrix = daily_returns.corr()"
   ]
  },
  {
   "cell_type": "markdown",
   "id": "7d36e835",
   "metadata": {},
   "source": [
    "## ðŸ“‹ Data Exploration & Visualization\n",
    "\n",
    "### Portfolio Data Summary\n",
    "This section provides comprehensive analysis of our asset data including:\n",
    "- **Price Evolution**: Historical close prices for trend analysis\n",
    "- **Return Statistics**: Descriptive statistics for risk assessment  \n",
    "- **Risk Relationships**: Covariance and correlation matrices\n",
    "- **Distribution Analysis**: Individual asset return distributions with Gaussian fits"
   ]
  },
  {
   "cell_type": "markdown",
   "id": "5c55d5a7",
   "metadata": {},
   "source": [
    "### ðŸ’° Recent Close Prices\n",
    "**Latest closing prices** for all assets in our portfolio. These prices serve as the foundation for calculating returns and building our optimization model."
   ]
  },
  {
   "cell_type": "code",
   "execution_count": 68,
   "id": "6935e6f4",
   "metadata": {},
   "outputs": [
    {
     "data": {
      "text/html": [
       "<div>\n",
       "<style scoped>\n",
       "    .dataframe tbody tr th:only-of-type {\n",
       "        vertical-align: middle;\n",
       "    }\n",
       "\n",
       "    .dataframe tbody tr th {\n",
       "        vertical-align: top;\n",
       "    }\n",
       "\n",
       "    .dataframe thead th {\n",
       "        text-align: right;\n",
       "    }\n",
       "</style>\n",
       "<table border=\"1\" class=\"dataframe\">\n",
       "  <thead>\n",
       "    <tr style=\"text-align: right;\">\n",
       "      <th>Ticker</th>\n",
       "      <th>AAPL</th>\n",
       "      <th>AMZN</th>\n",
       "      <th>BA</th>\n",
       "      <th>BTC</th>\n",
       "      <th>COST</th>\n",
       "      <th>INTC</th>\n",
       "      <th>MSFT</th>\n",
       "      <th>NVDA</th>\n",
       "      <th>TSLA</th>\n",
       "    </tr>\n",
       "    <tr>\n",
       "      <th>Date</th>\n",
       "      <th></th>\n",
       "      <th></th>\n",
       "      <th></th>\n",
       "      <th></th>\n",
       "      <th></th>\n",
       "      <th></th>\n",
       "      <th></th>\n",
       "      <th></th>\n",
       "      <th></th>\n",
       "    </tr>\n",
       "  </thead>\n",
       "  <tbody>\n",
       "    <tr>\n",
       "      <th>2025-09-04</th>\n",
       "      <td>239.779999</td>\n",
       "      <td>235.679993</td>\n",
       "      <td>230.750000</td>\n",
       "      <td>48.619999</td>\n",
       "      <td>955.900024</td>\n",
       "      <td>24.610001</td>\n",
       "      <td>507.970001</td>\n",
       "      <td>171.660004</td>\n",
       "      <td>338.529999</td>\n",
       "    </tr>\n",
       "    <tr>\n",
       "      <th>2025-09-05</th>\n",
       "      <td>239.690002</td>\n",
       "      <td>232.330002</td>\n",
       "      <td>229.610001</td>\n",
       "      <td>49.439999</td>\n",
       "      <td>963.479980</td>\n",
       "      <td>24.490000</td>\n",
       "      <td>495.000000</td>\n",
       "      <td>167.020004</td>\n",
       "      <td>350.839996</td>\n",
       "    </tr>\n",
       "    <tr>\n",
       "      <th>2025-09-08</th>\n",
       "      <td>237.880005</td>\n",
       "      <td>235.839996</td>\n",
       "      <td>230.949997</td>\n",
       "      <td>49.650002</td>\n",
       "      <td>971.849976</td>\n",
       "      <td>24.480000</td>\n",
       "      <td>498.200012</td>\n",
       "      <td>168.309998</td>\n",
       "      <td>346.399994</td>\n",
       "    </tr>\n",
       "    <tr>\n",
       "      <th>2025-09-09</th>\n",
       "      <td>234.350006</td>\n",
       "      <td>238.240005</td>\n",
       "      <td>229.520004</td>\n",
       "      <td>49.320000</td>\n",
       "      <td>979.250000</td>\n",
       "      <td>24.440001</td>\n",
       "      <td>498.410004</td>\n",
       "      <td>170.759995</td>\n",
       "      <td>346.970001</td>\n",
       "    </tr>\n",
       "    <tr>\n",
       "      <th>2025-09-10</th>\n",
       "      <td>229.399994</td>\n",
       "      <td>232.654999</td>\n",
       "      <td>228.074997</td>\n",
       "      <td>50.509998</td>\n",
       "      <td>968.655029</td>\n",
       "      <td>24.584999</td>\n",
       "      <td>500.410004</td>\n",
       "      <td>177.369995</td>\n",
       "      <td>347.876312</td>\n",
       "    </tr>\n",
       "  </tbody>\n",
       "</table>\n",
       "</div>"
      ],
      "text/plain": [
       "Ticker            AAPL        AMZN          BA        BTC        COST  \\\n",
       "Date                                                                    \n",
       "2025-09-04  239.779999  235.679993  230.750000  48.619999  955.900024   \n",
       "2025-09-05  239.690002  232.330002  229.610001  49.439999  963.479980   \n",
       "2025-09-08  237.880005  235.839996  230.949997  49.650002  971.849976   \n",
       "2025-09-09  234.350006  238.240005  229.520004  49.320000  979.250000   \n",
       "2025-09-10  229.399994  232.654999  228.074997  50.509998  968.655029   \n",
       "\n",
       "Ticker           INTC        MSFT        NVDA        TSLA  \n",
       "Date                                                       \n",
       "2025-09-04  24.610001  507.970001  171.660004  338.529999  \n",
       "2025-09-05  24.490000  495.000000  167.020004  350.839996  \n",
       "2025-09-08  24.480000  498.200012  168.309998  346.399994  \n",
       "2025-09-09  24.440001  498.410004  170.759995  346.970001  \n",
       "2025-09-10  24.584999  500.410004  177.369995  347.876312  "
      ]
     },
     "execution_count": 68,
     "metadata": {},
     "output_type": "execute_result"
    }
   ],
   "source": [
    "close_prices.tail()"
   ]
  },
  {
   "cell_type": "markdown",
   "id": "29549d2e",
   "metadata": {},
   "source": [
    "### ðŸ“Š Daily Returns Analysis\n",
    "**Annualized daily returns** showing the percentage change in asset values. These returns are the key inputs for our portfolio optimization model, representing the expected performance of each asset."
   ]
  },
  {
   "cell_type": "code",
   "execution_count": 69,
   "id": "4bc202f2",
   "metadata": {},
   "outputs": [
    {
     "data": {
      "text/html": [
       "<div>\n",
       "<style scoped>\n",
       "    .dataframe tbody tr th:only-of-type {\n",
       "        vertical-align: middle;\n",
       "    }\n",
       "\n",
       "    .dataframe tbody tr th {\n",
       "        vertical-align: top;\n",
       "    }\n",
       "\n",
       "    .dataframe thead th {\n",
       "        text-align: right;\n",
       "    }\n",
       "</style>\n",
       "<table border=\"1\" class=\"dataframe\">\n",
       "  <thead>\n",
       "    <tr style=\"text-align: right;\">\n",
       "      <th>Ticker</th>\n",
       "      <th>AAPL</th>\n",
       "      <th>AMZN</th>\n",
       "      <th>BA</th>\n",
       "      <th>BTC</th>\n",
       "      <th>COST</th>\n",
       "      <th>INTC</th>\n",
       "      <th>MSFT</th>\n",
       "      <th>NVDA</th>\n",
       "      <th>TSLA</th>\n",
       "    </tr>\n",
       "    <tr>\n",
       "      <th>Date</th>\n",
       "      <th></th>\n",
       "      <th></th>\n",
       "      <th></th>\n",
       "      <th></th>\n",
       "      <th></th>\n",
       "      <th></th>\n",
       "      <th></th>\n",
       "      <th></th>\n",
       "      <th></th>\n",
       "    </tr>\n",
       "  </thead>\n",
       "  <tbody>\n",
       "    <tr>\n",
       "      <th>2025-09-04</th>\n",
       "      <td>1.380534</td>\n",
       "      <td>10.580005</td>\n",
       "      <td>-1.773856</td>\n",
       "      <td>-5.637831</td>\n",
       "      <td>1.618576</td>\n",
       "      <td>6.324963</td>\n",
       "      <td>1.303123</td>\n",
       "      <td>1.531395</td>\n",
       "      <td>3.326981</td>\n",
       "    </tr>\n",
       "    <tr>\n",
       "      <th>2025-09-05</th>\n",
       "      <td>-0.094601</td>\n",
       "      <td>-3.607667</td>\n",
       "      <td>-1.248069</td>\n",
       "      <td>4.214659</td>\n",
       "      <td>1.990392</td>\n",
       "      <td>-1.231783</td>\n",
       "      <td>-6.517887</td>\n",
       "      <td>-6.905356</td>\n",
       "      <td>9.000824</td>\n",
       "    </tr>\n",
       "    <tr>\n",
       "      <th>2025-09-08</th>\n",
       "      <td>-1.910177</td>\n",
       "      <td>3.778692</td>\n",
       "      <td>1.466389</td>\n",
       "      <td>1.068136</td>\n",
       "      <td>2.179734</td>\n",
       "      <td>-0.102923</td>\n",
       "      <td>1.623854</td>\n",
       "      <td>1.938866</td>\n",
       "      <td>-3.209500</td>\n",
       "    </tr>\n",
       "    <tr>\n",
       "      <th>2025-09-09</th>\n",
       "      <td>-3.767555</td>\n",
       "      <td>2.551500</td>\n",
       "      <td>-1.565180</td>\n",
       "      <td>-1.680525</td>\n",
       "      <td>1.911553</td>\n",
       "      <td>-0.412091</td>\n",
       "      <td>0.106196</td>\n",
       "      <td>3.641785</td>\n",
       "      <td>0.414330</td>\n",
       "    </tr>\n",
       "    <tr>\n",
       "      <th>2025-09-10</th>\n",
       "      <td>-5.379840</td>\n",
       "      <td>-5.977926</td>\n",
       "      <td>-1.591552</td>\n",
       "      <td>6.008091</td>\n",
       "      <td>-2.741365</td>\n",
       "      <td>1.490657</td>\n",
       "      <td>1.009192</td>\n",
       "      <td>9.570680</td>\n",
       "      <td>0.657384</td>\n",
       "    </tr>\n",
       "  </tbody>\n",
       "</table>\n",
       "</div>"
      ],
      "text/plain": [
       "Ticker          AAPL       AMZN        BA       BTC      COST      INTC  \\\n",
       "Date                                                                      \n",
       "2025-09-04  1.380534  10.580005 -1.773856 -5.637831  1.618576  6.324963   \n",
       "2025-09-05 -0.094601  -3.607667 -1.248069  4.214659  1.990392 -1.231783   \n",
       "2025-09-08 -1.910177   3.778692  1.466389  1.068136  2.179734 -0.102923   \n",
       "2025-09-09 -3.767555   2.551500 -1.565180 -1.680525  1.911553 -0.412091   \n",
       "2025-09-10 -5.379840  -5.977926 -1.591552  6.008091 -2.741365  1.490657   \n",
       "\n",
       "Ticker          MSFT      NVDA      TSLA  \n",
       "Date                                      \n",
       "2025-09-04  1.303123  1.531395  3.326981  \n",
       "2025-09-05 -6.517887 -6.905356  9.000824  \n",
       "2025-09-08  1.623854  1.938866 -3.209500  \n",
       "2025-09-09  0.106196  3.641785  0.414330  \n",
       "2025-09-10  1.009192  9.570680  0.657384  "
      ]
     },
     "execution_count": 69,
     "metadata": {},
     "output_type": "execute_result"
    }
   ],
   "source": [
    "daily_returns.tail()"
   ]
  },
  {
   "cell_type": "markdown",
   "id": "f49857d7",
   "metadata": {},
   "source": [
    "### ðŸ“ˆ Summary Statistics for Daily Returns\n",
    "**Comprehensive statistical analysis** of our asset returns including:\n",
    "- **Mean Returns**: Expected annual performance for each asset\n",
    "- **Standard Deviation**: Volatility/risk measure for each asset  \n",
    "- **Min/Max**: Range of observed returns\n",
    "- **Quartiles**: Distribution characteristics (25th, 50th, 75th percentiles)\n",
    "\n",
    "**Key Insights:**\n",
    "- Higher mean returns typically come with higher volatility\n",
    "- Standard deviation indicates the risk level of each asset\n",
    "- Quartile analysis reveals return distribution patterns"
   ]
  },
  {
   "cell_type": "code",
   "execution_count": 70,
   "id": "25c59d54",
   "metadata": {},
   "outputs": [
    {
     "data": {
      "text/html": [
       "<div>\n",
       "<style scoped>\n",
       "    .dataframe tbody tr th:only-of-type {\n",
       "        vertical-align: middle;\n",
       "    }\n",
       "\n",
       "    .dataframe tbody tr th {\n",
       "        vertical-align: top;\n",
       "    }\n",
       "\n",
       "    .dataframe thead th {\n",
       "        text-align: right;\n",
       "    }\n",
       "</style>\n",
       "<table border=\"1\" class=\"dataframe\">\n",
       "  <thead>\n",
       "    <tr style=\"text-align: right;\">\n",
       "      <th>Ticker</th>\n",
       "      <th>AAPL</th>\n",
       "      <th>AMZN</th>\n",
       "      <th>BA</th>\n",
       "      <th>BTC</th>\n",
       "      <th>COST</th>\n",
       "      <th>INTC</th>\n",
       "      <th>MSFT</th>\n",
       "      <th>NVDA</th>\n",
       "      <th>TSLA</th>\n",
       "    </tr>\n",
       "  </thead>\n",
       "  <tbody>\n",
       "    <tr>\n",
       "      <th>count</th>\n",
       "      <td>278.000000</td>\n",
       "      <td>278.000000</td>\n",
       "      <td>278.000000</td>\n",
       "      <td>278.000000</td>\n",
       "      <td>278.000000</td>\n",
       "      <td>278.000000</td>\n",
       "      <td>278.000000</td>\n",
       "      <td>278.000000</td>\n",
       "      <td>278.000000</td>\n",
       "    </tr>\n",
       "    <tr>\n",
       "      <th>mean</th>\n",
       "      <td>0.034654</td>\n",
       "      <td>0.198115</td>\n",
       "      <td>0.162710</td>\n",
       "      <td>0.504545</td>\n",
       "      <td>0.153454</td>\n",
       "      <td>-0.196800</td>\n",
       "      <td>0.170770</td>\n",
       "      <td>0.377283</td>\n",
       "      <td>0.366948</td>\n",
       "    </tr>\n",
       "    <tr>\n",
       "      <th>std</th>\n",
       "      <td>4.953662</td>\n",
       "      <td>5.465241</td>\n",
       "      <td>6.007326</td>\n",
       "      <td>7.776014</td>\n",
       "      <td>3.411906</td>\n",
       "      <td>10.250194</td>\n",
       "      <td>3.836642</td>\n",
       "      <td>8.322963</td>\n",
       "      <td>10.910913</td>\n",
       "    </tr>\n",
       "    <tr>\n",
       "      <th>min</th>\n",
       "      <td>-24.447390</td>\n",
       "      <td>-23.708502</td>\n",
       "      <td>-27.873241</td>\n",
       "      <td>-39.678273</td>\n",
       "      <td>-15.778820</td>\n",
       "      <td>-76.077828</td>\n",
       "      <td>-16.078028</td>\n",
       "      <td>-46.858404</td>\n",
       "      <td>-42.221527</td>\n",
       "    </tr>\n",
       "    <tr>\n",
       "      <th>25%</th>\n",
       "      <td>-1.789029</td>\n",
       "      <td>-2.550478</td>\n",
       "      <td>-2.716736</td>\n",
       "      <td>-3.918339</td>\n",
       "      <td>-1.616365</td>\n",
       "      <td>-5.511651</td>\n",
       "      <td>-1.498183</td>\n",
       "      <td>-3.562334</td>\n",
       "      <td>-5.657122</td>\n",
       "    </tr>\n",
       "    <tr>\n",
       "      <th>50%</th>\n",
       "      <td>0.289265</td>\n",
       "      <td>0.175157</td>\n",
       "      <td>0.332190</td>\n",
       "      <td>0.307031</td>\n",
       "      <td>0.139394</td>\n",
       "      <td>-0.462940</td>\n",
       "      <td>0.283840</td>\n",
       "      <td>0.934250</td>\n",
       "      <td>-0.080341</td>\n",
       "    </tr>\n",
       "    <tr>\n",
       "      <th>75%</th>\n",
       "      <td>2.335845</td>\n",
       "      <td>3.267969</td>\n",
       "      <td>3.219304</td>\n",
       "      <td>5.190623</td>\n",
       "      <td>2.063114</td>\n",
       "      <td>4.593167</td>\n",
       "      <td>1.925754</td>\n",
       "      <td>5.063086</td>\n",
       "      <td>7.138709</td>\n",
       "    </tr>\n",
       "    <tr>\n",
       "      <th>max</th>\n",
       "      <td>35.939608</td>\n",
       "      <td>28.507144</td>\n",
       "      <td>36.038524</td>\n",
       "      <td>32.302945</td>\n",
       "      <td>15.184262</td>\n",
       "      <td>43.313600</td>\n",
       "      <td>24.324223</td>\n",
       "      <td>43.248392</td>\n",
       "      <td>51.531626</td>\n",
       "    </tr>\n",
       "  </tbody>\n",
       "</table>\n",
       "</div>"
      ],
      "text/plain": [
       "Ticker        AAPL        AMZN          BA         BTC        COST  \\\n",
       "count   278.000000  278.000000  278.000000  278.000000  278.000000   \n",
       "mean      0.034654    0.198115    0.162710    0.504545    0.153454   \n",
       "std       4.953662    5.465241    6.007326    7.776014    3.411906   \n",
       "min     -24.447390  -23.708502  -27.873241  -39.678273  -15.778820   \n",
       "25%      -1.789029   -2.550478   -2.716736   -3.918339   -1.616365   \n",
       "50%       0.289265    0.175157    0.332190    0.307031    0.139394   \n",
       "75%       2.335845    3.267969    3.219304    5.190623    2.063114   \n",
       "max      35.939608   28.507144   36.038524   32.302945   15.184262   \n",
       "\n",
       "Ticker        INTC        MSFT        NVDA        TSLA  \n",
       "count   278.000000  278.000000  278.000000  278.000000  \n",
       "mean     -0.196800    0.170770    0.377283    0.366948  \n",
       "std      10.250194    3.836642    8.322963   10.910913  \n",
       "min     -76.077828  -16.078028  -46.858404  -42.221527  \n",
       "25%      -5.511651   -1.498183   -3.562334   -5.657122  \n",
       "50%      -0.462940    0.283840    0.934250   -0.080341  \n",
       "75%       4.593167    1.925754    5.063086    7.138709  \n",
       "max      43.313600   24.324223   43.248392   51.531626  "
      ]
     },
     "execution_count": 70,
     "metadata": {},
     "output_type": "execute_result"
    }
   ],
   "source": [
    "daily_returns.describe()"
   ]
  },
  {
   "cell_type": "markdown",
   "id": "b2406eee",
   "metadata": {},
   "source": [
    "### ðŸ”— Covariance Matrix\n",
    "**Risk relationship matrix** showing how asset returns move together:\n",
    "- **Diagonal elements**: Individual asset variances (ÏƒÂ²)\n",
    "- **Off-diagonal elements**: Covariances between asset pairs (Ïƒáµ¢â±¼)\n",
    "- **Interpretation**: \n",
    "  - Positive values: Assets tend to move in same direction\n",
    "  - Negative values: Assets tend to move in opposite directions\n",
    "  - Magnitude: Strength of the relationship\n",
    "\n",
    "**Portfolio Impact**: Covariance directly affects portfolio variance through: `ÏƒÂ²â‚š = wáµ€Î£w`"
   ]
  },
  {
   "cell_type": "code",
   "execution_count": 71,
   "id": "c77920bb",
   "metadata": {},
   "outputs": [
    {
     "data": {
      "text/html": [
       "<div>\n",
       "<style scoped>\n",
       "    .dataframe tbody tr th:only-of-type {\n",
       "        vertical-align: middle;\n",
       "    }\n",
       "\n",
       "    .dataframe tbody tr th {\n",
       "        vertical-align: top;\n",
       "    }\n",
       "\n",
       "    .dataframe thead th {\n",
       "        text-align: right;\n",
       "    }\n",
       "</style>\n",
       "<table border=\"1\" class=\"dataframe\">\n",
       "  <thead>\n",
       "    <tr style=\"text-align: right;\">\n",
       "      <th>Ticker</th>\n",
       "      <th>AAPL</th>\n",
       "      <th>AMZN</th>\n",
       "      <th>BA</th>\n",
       "      <th>BTC</th>\n",
       "      <th>COST</th>\n",
       "      <th>INTC</th>\n",
       "      <th>MSFT</th>\n",
       "      <th>NVDA</th>\n",
       "      <th>TSLA</th>\n",
       "    </tr>\n",
       "    <tr>\n",
       "      <th>Ticker</th>\n",
       "      <th></th>\n",
       "      <th></th>\n",
       "      <th></th>\n",
       "      <th></th>\n",
       "      <th></th>\n",
       "      <th></th>\n",
       "      <th></th>\n",
       "      <th></th>\n",
       "      <th></th>\n",
       "    </tr>\n",
       "  </thead>\n",
       "  <tbody>\n",
       "    <tr>\n",
       "      <th>AAPL</th>\n",
       "      <td>24.538772</td>\n",
       "      <td>15.450137</td>\n",
       "      <td>13.280238</td>\n",
       "      <td>11.150925</td>\n",
       "      <td>7.013917</td>\n",
       "      <td>15.475940</td>\n",
       "      <td>10.060128</td>\n",
       "      <td>17.519063</td>\n",
       "      <td>25.778976</td>\n",
       "    </tr>\n",
       "    <tr>\n",
       "      <th>AMZN</th>\n",
       "      <td>15.450137</td>\n",
       "      <td>29.868860</td>\n",
       "      <td>15.845786</td>\n",
       "      <td>13.993797</td>\n",
       "      <td>6.092332</td>\n",
       "      <td>26.258240</td>\n",
       "      <td>14.236385</td>\n",
       "      <td>25.294511</td>\n",
       "      <td>30.592764</td>\n",
       "    </tr>\n",
       "    <tr>\n",
       "      <th>BA</th>\n",
       "      <td>13.280238</td>\n",
       "      <td>15.845786</td>\n",
       "      <td>36.087960</td>\n",
       "      <td>12.090905</td>\n",
       "      <td>6.806059</td>\n",
       "      <td>22.590170</td>\n",
       "      <td>8.392207</td>\n",
       "      <td>20.833854</td>\n",
       "      <td>28.280436</td>\n",
       "    </tr>\n",
       "    <tr>\n",
       "      <th>BTC</th>\n",
       "      <td>11.150925</td>\n",
       "      <td>13.993797</td>\n",
       "      <td>12.090905</td>\n",
       "      <td>60.466393</td>\n",
       "      <td>6.389489</td>\n",
       "      <td>13.092394</td>\n",
       "      <td>9.787025</td>\n",
       "      <td>22.015490</td>\n",
       "      <td>41.020928</td>\n",
       "    </tr>\n",
       "    <tr>\n",
       "      <th>COST</th>\n",
       "      <td>7.013917</td>\n",
       "      <td>6.092332</td>\n",
       "      <td>6.806059</td>\n",
       "      <td>6.389489</td>\n",
       "      <td>11.641103</td>\n",
       "      <td>5.854489</td>\n",
       "      <td>4.839405</td>\n",
       "      <td>6.522044</td>\n",
       "      <td>14.234791</td>\n",
       "    </tr>\n",
       "    <tr>\n",
       "      <th>INTC</th>\n",
       "      <td>15.475940</td>\n",
       "      <td>26.258240</td>\n",
       "      <td>22.590170</td>\n",
       "      <td>13.092394</td>\n",
       "      <td>5.854489</td>\n",
       "      <td>105.066475</td>\n",
       "      <td>13.886862</td>\n",
       "      <td>31.668698</td>\n",
       "      <td>37.721385</td>\n",
       "    </tr>\n",
       "    <tr>\n",
       "      <th>MSFT</th>\n",
       "      <td>10.060128</td>\n",
       "      <td>14.236385</td>\n",
       "      <td>8.392207</td>\n",
       "      <td>9.787025</td>\n",
       "      <td>4.839405</td>\n",
       "      <td>13.886862</td>\n",
       "      <td>14.719819</td>\n",
       "      <td>19.850230</td>\n",
       "      <td>18.841726</td>\n",
       "    </tr>\n",
       "    <tr>\n",
       "      <th>NVDA</th>\n",
       "      <td>17.519063</td>\n",
       "      <td>25.294511</td>\n",
       "      <td>20.833854</td>\n",
       "      <td>22.015490</td>\n",
       "      <td>6.522044</td>\n",
       "      <td>31.668698</td>\n",
       "      <td>19.850230</td>\n",
       "      <td>69.271712</td>\n",
       "      <td>42.199295</td>\n",
       "    </tr>\n",
       "    <tr>\n",
       "      <th>TSLA</th>\n",
       "      <td>25.778976</td>\n",
       "      <td>30.592764</td>\n",
       "      <td>28.280436</td>\n",
       "      <td>41.020928</td>\n",
       "      <td>14.234791</td>\n",
       "      <td>37.721385</td>\n",
       "      <td>18.841726</td>\n",
       "      <td>42.199295</td>\n",
       "      <td>119.048022</td>\n",
       "    </tr>\n",
       "  </tbody>\n",
       "</table>\n",
       "</div>"
      ],
      "text/plain": [
       "Ticker       AAPL       AMZN         BA        BTC       COST        INTC  \\\n",
       "Ticker                                                                      \n",
       "AAPL    24.538772  15.450137  13.280238  11.150925   7.013917   15.475940   \n",
       "AMZN    15.450137  29.868860  15.845786  13.993797   6.092332   26.258240   \n",
       "BA      13.280238  15.845786  36.087960  12.090905   6.806059   22.590170   \n",
       "BTC     11.150925  13.993797  12.090905  60.466393   6.389489   13.092394   \n",
       "COST     7.013917   6.092332   6.806059   6.389489  11.641103    5.854489   \n",
       "INTC    15.475940  26.258240  22.590170  13.092394   5.854489  105.066475   \n",
       "MSFT    10.060128  14.236385   8.392207   9.787025   4.839405   13.886862   \n",
       "NVDA    17.519063  25.294511  20.833854  22.015490   6.522044   31.668698   \n",
       "TSLA    25.778976  30.592764  28.280436  41.020928  14.234791   37.721385   \n",
       "\n",
       "Ticker       MSFT       NVDA        TSLA  \n",
       "Ticker                                    \n",
       "AAPL    10.060128  17.519063   25.778976  \n",
       "AMZN    14.236385  25.294511   30.592764  \n",
       "BA       8.392207  20.833854   28.280436  \n",
       "BTC      9.787025  22.015490   41.020928  \n",
       "COST     4.839405   6.522044   14.234791  \n",
       "INTC    13.886862  31.668698   37.721385  \n",
       "MSFT    14.719819  19.850230   18.841726  \n",
       "NVDA    19.850230  69.271712   42.199295  \n",
       "TSLA    18.841726  42.199295  119.048022  "
      ]
     },
     "execution_count": 71,
     "metadata": {},
     "output_type": "execute_result"
    }
   ],
   "source": [
    "covariance_matrix"
   ]
  },
  {
   "cell_type": "markdown",
   "id": "d213042d",
   "metadata": {},
   "source": [
    "### ðŸŽ¯ Correlation Matrix\n",
    "**Normalized relationship matrix** showing standardized asset co-movements:\n",
    "- **Range**: -1 to +1 (normalized covariance)\n",
    "- **+1**: Perfect positive correlation (assets move identically)\n",
    "- **-1**: Perfect negative correlation (assets move oppositely)  \n",
    "- **0**: No linear relationship\n",
    "- **Diagonal**: Always 1.0 (perfect self-correlation)\n",
    "\n",
    "**Diversification Benefits**: Lower correlations enable better risk reduction through portfolio diversification."
   ]
  },
  {
   "cell_type": "code",
   "execution_count": 72,
   "id": "5a12404b",
   "metadata": {},
   "outputs": [
    {
     "data": {
      "text/html": [
       "<div>\n",
       "<style scoped>\n",
       "    .dataframe tbody tr th:only-of-type {\n",
       "        vertical-align: middle;\n",
       "    }\n",
       "\n",
       "    .dataframe tbody tr th {\n",
       "        vertical-align: top;\n",
       "    }\n",
       "\n",
       "    .dataframe thead th {\n",
       "        text-align: right;\n",
       "    }\n",
       "</style>\n",
       "<table border=\"1\" class=\"dataframe\">\n",
       "  <thead>\n",
       "    <tr style=\"text-align: right;\">\n",
       "      <th>Ticker</th>\n",
       "      <th>AAPL</th>\n",
       "      <th>AMZN</th>\n",
       "      <th>BA</th>\n",
       "      <th>BTC</th>\n",
       "      <th>COST</th>\n",
       "      <th>INTC</th>\n",
       "      <th>MSFT</th>\n",
       "      <th>NVDA</th>\n",
       "      <th>TSLA</th>\n",
       "    </tr>\n",
       "    <tr>\n",
       "      <th>Ticker</th>\n",
       "      <th></th>\n",
       "      <th></th>\n",
       "      <th></th>\n",
       "      <th></th>\n",
       "      <th></th>\n",
       "      <th></th>\n",
       "      <th></th>\n",
       "      <th></th>\n",
       "      <th></th>\n",
       "    </tr>\n",
       "  </thead>\n",
       "  <tbody>\n",
       "    <tr>\n",
       "      <th>AAPL</th>\n",
       "      <td>1.000000</td>\n",
       "      <td>0.570685</td>\n",
       "      <td>0.446271</td>\n",
       "      <td>0.289486</td>\n",
       "      <td>0.414989</td>\n",
       "      <td>0.304788</td>\n",
       "      <td>0.529329</td>\n",
       "      <td>0.424919</td>\n",
       "      <td>0.476956</td>\n",
       "    </tr>\n",
       "    <tr>\n",
       "      <th>AMZN</th>\n",
       "      <td>0.570685</td>\n",
       "      <td>1.000000</td>\n",
       "      <td>0.482640</td>\n",
       "      <td>0.329283</td>\n",
       "      <td>0.326721</td>\n",
       "      <td>0.468732</td>\n",
       "      <td>0.678952</td>\n",
       "      <td>0.556082</td>\n",
       "      <td>0.513037</td>\n",
       "    </tr>\n",
       "    <tr>\n",
       "      <th>BA</th>\n",
       "      <td>0.446271</td>\n",
       "      <td>0.482640</td>\n",
       "      <td>1.000000</td>\n",
       "      <td>0.258834</td>\n",
       "      <td>0.332061</td>\n",
       "      <td>0.366865</td>\n",
       "      <td>0.364119</td>\n",
       "      <td>0.416688</td>\n",
       "      <td>0.431463</td>\n",
       "    </tr>\n",
       "    <tr>\n",
       "      <th>BTC</th>\n",
       "      <td>0.289486</td>\n",
       "      <td>0.329283</td>\n",
       "      <td>0.258834</td>\n",
       "      <td>1.000000</td>\n",
       "      <td>0.240831</td>\n",
       "      <td>0.164259</td>\n",
       "      <td>0.328052</td>\n",
       "      <td>0.340168</td>\n",
       "      <td>0.483490</td>\n",
       "    </tr>\n",
       "    <tr>\n",
       "      <th>COST</th>\n",
       "      <td>0.414989</td>\n",
       "      <td>0.326721</td>\n",
       "      <td>0.332061</td>\n",
       "      <td>0.240831</td>\n",
       "      <td>1.000000</td>\n",
       "      <td>0.167402</td>\n",
       "      <td>0.369695</td>\n",
       "      <td>0.229672</td>\n",
       "      <td>0.382378</td>\n",
       "    </tr>\n",
       "    <tr>\n",
       "      <th>INTC</th>\n",
       "      <td>0.304788</td>\n",
       "      <td>0.468732</td>\n",
       "      <td>0.366865</td>\n",
       "      <td>0.164259</td>\n",
       "      <td>0.167402</td>\n",
       "      <td>1.000000</td>\n",
       "      <td>0.353119</td>\n",
       "      <td>0.371210</td>\n",
       "      <td>0.337283</td>\n",
       "    </tr>\n",
       "    <tr>\n",
       "      <th>MSFT</th>\n",
       "      <td>0.529329</td>\n",
       "      <td>0.678952</td>\n",
       "      <td>0.364119</td>\n",
       "      <td>0.328052</td>\n",
       "      <td>0.369695</td>\n",
       "      <td>0.353119</td>\n",
       "      <td>1.000000</td>\n",
       "      <td>0.621636</td>\n",
       "      <td>0.450099</td>\n",
       "    </tr>\n",
       "    <tr>\n",
       "      <th>NVDA</th>\n",
       "      <td>0.424919</td>\n",
       "      <td>0.556082</td>\n",
       "      <td>0.416688</td>\n",
       "      <td>0.340168</td>\n",
       "      <td>0.229672</td>\n",
       "      <td>0.371210</td>\n",
       "      <td>0.621636</td>\n",
       "      <td>1.000000</td>\n",
       "      <td>0.464693</td>\n",
       "    </tr>\n",
       "    <tr>\n",
       "      <th>TSLA</th>\n",
       "      <td>0.476956</td>\n",
       "      <td>0.513037</td>\n",
       "      <td>0.431463</td>\n",
       "      <td>0.483490</td>\n",
       "      <td>0.382378</td>\n",
       "      <td>0.337283</td>\n",
       "      <td>0.450099</td>\n",
       "      <td>0.464693</td>\n",
       "      <td>1.000000</td>\n",
       "    </tr>\n",
       "  </tbody>\n",
       "</table>\n",
       "</div>"
      ],
      "text/plain": [
       "Ticker      AAPL      AMZN        BA       BTC      COST      INTC      MSFT  \\\n",
       "Ticker                                                                         \n",
       "AAPL    1.000000  0.570685  0.446271  0.289486  0.414989  0.304788  0.529329   \n",
       "AMZN    0.570685  1.000000  0.482640  0.329283  0.326721  0.468732  0.678952   \n",
       "BA      0.446271  0.482640  1.000000  0.258834  0.332061  0.366865  0.364119   \n",
       "BTC     0.289486  0.329283  0.258834  1.000000  0.240831  0.164259  0.328052   \n",
       "COST    0.414989  0.326721  0.332061  0.240831  1.000000  0.167402  0.369695   \n",
       "INTC    0.304788  0.468732  0.366865  0.164259  0.167402  1.000000  0.353119   \n",
       "MSFT    0.529329  0.678952  0.364119  0.328052  0.369695  0.353119  1.000000   \n",
       "NVDA    0.424919  0.556082  0.416688  0.340168  0.229672  0.371210  0.621636   \n",
