{
 "cells": [
  {
   "cell_type": "markdown",
   "id": "872edb54",
   "metadata": {},
   "source": [
    "# Optimal Portfolio Allocation"
   ]
  },
  {
   "cell_type": "markdown",
   "id": "c6655885",
   "metadata": {},
   "source": [
    "### Selection of Stock and Risk Aversion(Risk Seeking: A<0; Risk Averse: A>0)"
   ]
  },
  {
   "cell_type": "code",
   "execution_count": 33,
   "id": "60fd4dc5",
   "metadata": {},
   "outputs": [],
   "source": [
    "# Fetch multiple stocks at once\n",
    "stock_list = [\"NVDA\", \"AAPL\", \"MSFT\",\"COST\",\"TSLA\",\"AMZN\",\"INTC\",\"BTC\",\"BA\"]\n",
    "# Risk aversion\n",
    "A = 0.01"
   ]
  },
  {
   "cell_type": "markdown",
   "id": "f162f6c9",
   "metadata": {},
   "source": [
    "## Data Processing"
   ]
  },
  {
   "cell_type": "markdown",
   "id": "7ac397b1",
   "metadata": {},
   "source": [
    "### Import"
   ]
  },
  {
   "cell_type": "code",
   "execution_count": 34,
   "id": "790684e8",
   "metadata": {},
   "outputs": [],
   "source": [
    "import yfinance as yf\n",
    "import pandas as pd\n",
    "import numpy as np\n",
    "import matplotlib.pyplot as plt\n",
    "import seaborn as sns\n",
    "from scipy.stats import norm, kurtosis, skew\n",
    "import warnings\n",
    "from scipy.stats import norm\n",
    "import scipy.linalg as la\n",
    "from matplotlib.widgets import Slider\n",
    "import sys\n",
    "from PyQt5.QtWidgets import (QApplication, QMainWindow, QVBoxLayout, QHBoxLayout, \n",
    "                            QWidget, QLabel, QDoubleSpinBox, QPushButton, QGroupBox, QSlider)\n",
    "from matplotlib.backends.backend_qt5agg import FigureCanvasQTAgg as FigureCanvas\n",
    "from matplotlib.figure import Figure\n",
    "from PyQt5.QtCore import Qt\n",
    "import sys\n",
    "import numpy as np\n",
    "from scipy.stats import norm\n",
    "from PyQt5.QtWidgets import *\n",
    "from PyQt5.QtCore import Qt\n",
    "from matplotlib.backends.backend_qt5agg import FigureCanvasQTAgg as FigureCanvas\n",
    "from matplotlib.figure import Figure"
   ]
  },
  {
   "cell_type": "markdown",
   "id": "31f66f69",
   "metadata": {},
   "source": [
    "### Fetch stock historical data from yahoo finance"
   ]
  },
  {
   "cell_type": "code",
   "execution_count": 35,
   "id": "6797606b",
   "metadata": {},
   "outputs": [
    {
     "name": "stderr",
     "output_type": "stream",
     "text": [
      "[*********************100%***********************]  9 of 9 completed\n"
     ]
    }
   ],
   "source": [
    "# Download historical data for all stocks\n",
    "data = yf.download(stock_list, start=\"2024-01-01\", interval=\"1d\")\n",
    "\n",
    "# Extract close prices\n",
    "close_prices = data['Close']\n",
    "\n",
    "# Calculate daily returns (percentage change)\n",
    "daily_returns = close_prices.pct_change()  # Convert to percentage\n",
    "\n",
    "# Remove the first row (NaN values from pct_change)\n",
    "daily_returns = daily_returns.dropna()\n",
    "# Annualize\n",
    "daily_returns = 252 * np.log(1 + daily_returns)\n",
    "\n",
    "# Calculate mean returns and convert to NumPy array\n",
    "mean_returns = daily_returns.mean()\n",
    "mean_np = mean_returns.to_numpy()\n",
    "\n",
    "# Calculate covariance matrix\n",
    "covariance_matrix = daily_returns.cov()\n",
    "cov_np = covariance_matrix.to_numpy()  # Convert to NumPy array\n",
    "\n",
    "# Calculate correlation matrix\n",
    "correlation_matrix = daily_returns.corr()"
   ]
  },
  {
   "cell_type": "markdown",
   "id": "7d36e835",
   "metadata": {},
   "source": [
    "## Display Stock Information"
   ]
  },
  {
   "cell_type": "markdown",
   "id": "5c55d5a7",
   "metadata": {},
   "source": [
    "### Daily close price (%)"
   ]
  },
  {
   "cell_type": "code",
   "execution_count": 36,
   "id": "6935e6f4",
   "metadata": {},
   "outputs": [
    {
     "data": {
      "text/html": [
       "<div>\n",
       "<style scoped>\n",
       "    .dataframe tbody tr th:only-of-type {\n",
       "        vertical-align: middle;\n",
       "    }\n",
       "\n",
       "    .dataframe tbody tr th {\n",
       "        vertical-align: top;\n",
       "    }\n",
       "\n",
       "    .dataframe thead th {\n",
       "        text-align: right;\n",
       "    }\n",
       "</style>\n",
       "<table border=\"1\" class=\"dataframe\">\n",
       "  <thead>\n",
       "    <tr style=\"text-align: right;\">\n",
       "      <th>Ticker</th>\n",
       "      <th>AAPL</th>\n",
       "      <th>AMZN</th>\n",
       "      <th>BA</th>\n",
       "      <th>BTC</th>\n",
       "      <th>COST</th>\n",
       "      <th>INTC</th>\n",
       "      <th>MSFT</th>\n",
       "      <th>NVDA</th>\n",
       "      <th>TSLA</th>\n",
       "    </tr>\n",
       "    <tr>\n",
       "      <th>Date</th>\n",
       "      <th></th>\n",
       "      <th></th>\n",
       "      <th></th>\n",
       "      <th></th>\n",
       "      <th></th>\n",
       "      <th></th>\n",
       "      <th></th>\n",
       "      <th></th>\n",
       "      <th></th>\n",
       "    </tr>\n",
       "  </thead>\n",
       "  <tbody>\n",
       "    <tr>\n",
       "      <th>2025-08-28</th>\n",
       "      <td>232.559998</td>\n",
       "      <td>231.600006</td>\n",
       "      <td>236.160004</td>\n",
       "      <td>49.580002</td>\n",
       "      <td>944.960022</td>\n",
       "      <td>24.930000</td>\n",
       "      <td>509.640015</td>\n",
       "      <td>180.169998</td>\n",
       "      <td>345.980011</td>\n",
       "    </tr>\n",
       "    <tr>\n",
       "      <th>2025-08-29</th>\n",
       "      <td>232.139999</td>\n",
       "      <td>229.000000</td>\n",
       "      <td>234.679993</td>\n",
       "      <td>47.930000</td>\n",
       "      <td>943.320007</td>\n",
       "      <td>24.350000</td>\n",
       "      <td>506.690002</td>\n",
       "      <td>174.179993</td>\n",
       "      <td>333.869995</td>\n",
       "    </tr>\n",
       "    <tr>\n",
       "      <th>2025-09-02</th>\n",
       "      <td>229.720001</td>\n",
       "      <td>225.339996</td>\n",
       "      <td>237.380005</td>\n",
       "      <td>49.080002</td>\n",
       "      <td>938.820007</td>\n",
       "      <td>24.209999</td>\n",
       "      <td>505.119995</td>\n",
       "      <td>170.779999</td>\n",
       "      <td>329.359985</td>\n",
       "    </tr>\n",
       "    <tr>\n",
       "      <th>2025-09-03</th>\n",
       "      <td>238.470001</td>\n",
       "      <td>225.990005</td>\n",
       "      <td>232.380005</td>\n",
       "      <td>49.720001</td>\n",
       "      <td>949.780029</td>\n",
       "      <td>24.000000</td>\n",
       "      <td>505.350006</td>\n",
       "      <td>170.619995</td>\n",
       "      <td>334.089996</td>\n",
       "    </tr>\n",
       "    <tr>\n",
       "      <th>2025-09-04</th>\n",
       "      <td>239.779999</td>\n",
       "      <td>235.679993</td>\n",
       "      <td>230.750000</td>\n",
       "      <td>48.619999</td>\n",
       "      <td>955.900024</td>\n",
       "      <td>24.610001</td>\n",
       "      <td>507.970001</td>\n",
       "      <td>171.660004</td>\n",
       "      <td>338.529999</td>\n",
       "    </tr>\n",
       "  </tbody>\n",
       "</table>\n",
       "</div>"
      ],
      "text/plain": [
       "Ticker            AAPL        AMZN          BA        BTC        COST  \\\n",
       "Date                                                                    \n",
       "2025-08-28  232.559998  231.600006  236.160004  49.580002  944.960022   \n",
       "2025-08-29  232.139999  229.000000  234.679993  47.930000  943.320007   \n",
       "2025-09-02  229.720001  225.339996  237.380005  49.080002  938.820007   \n",
       "2025-09-03  238.470001  225.990005  232.380005  49.720001  949.780029   \n",
       "2025-09-04  239.779999  235.679993  230.750000  48.619999  955.900024   \n",
       "\n",
       "Ticker           INTC        MSFT        NVDA        TSLA  \n",
       "Date                                                       \n",
       "2025-08-28  24.930000  509.640015  180.169998  345.980011  \n",
       "2025-08-29  24.350000  506.690002  174.179993  333.869995  \n",
       "2025-09-02  24.209999  505.119995  170.779999  329.359985  \n",
       "2025-09-03  24.000000  505.350006  170.619995  334.089996  \n",
       "2025-09-04  24.610001  507.970001  171.660004  338.529999  "
      ]
     },
     "execution_count": 36,
     "metadata": {},
     "output_type": "execute_result"
    }
   ],
   "source": [
    "close_prices.tail()"
   ]
  },
  {
   "cell_type": "markdown",
   "id": "29549d2e",
   "metadata": {},
   "source": [
    "### Daily Returns (%)"
   ]
  },
  {
   "cell_type": "code",
   "execution_count": 37,
   "id": "4bc202f2",
   "metadata": {},
   "outputs": [
    {
     "data": {
      "text/html": [
       "<div>\n",
       "<style scoped>\n",
       "    .dataframe tbody tr th:only-of-type {\n",
       "        vertical-align: middle;\n",
       "    }\n",
       "\n",
       "    .dataframe tbody tr th {\n",
       "        vertical-align: top;\n",
       "    }\n",
       "\n",
       "    .dataframe thead th {\n",
       "        text-align: right;\n",
       "    }\n",
       "</style>\n",
       "<table border=\"1\" class=\"dataframe\">\n",
       "  <thead>\n",
       "    <tr style=\"text-align: right;\">\n",
       "      <th>Ticker</th>\n",
       "      <th>AAPL</th>\n",
       "      <th>AMZN</th>\n",
       "      <th>BA</th>\n",
       "      <th>BTC</th>\n",
       "      <th>COST</th>\n",
       "      <th>INTC</th>\n",
       "      <th>MSFT</th>\n",
       "      <th>NVDA</th>\n",
       "      <th>TSLA</th>\n",
       "    </tr>\n",
       "    <tr>\n",
       "      <th>Date</th>\n",
       "      <th></th>\n",
       "      <th></th>\n",
       "      <th></th>\n",
       "      <th></th>\n",
       "      <th></th>\n",
       "      <th></th>\n",
       "      <th></th>\n",
       "      <th></th>\n",
       "      <th></th>\n",
       "    </tr>\n",
       "  </thead>\n",
       "  <tbody>\n",
       "    <tr>\n",
       "      <th>2025-08-28</th>\n",
       "      <td>2.253068</td>\n",
       "      <td>2.713009</td>\n",
       "      <td>0.576888</td>\n",
       "      <td>-0.457009</td>\n",
       "      <td>-1.213126</td>\n",
       "      <td>0.809964</td>\n",
       "      <td>1.438061</td>\n",
       "      <td>-1.992226</td>\n",
       "      <td>-2.622982</td>\n",
       "    </tr>\n",
       "    <tr>\n",
       "      <th>2025-08-29</th>\n",
       "      <td>-0.455518</td>\n",
       "      <td>-2.845022</td>\n",
       "      <td>-1.584249</td>\n",
       "      <td>-8.529178</td>\n",
       "      <td>-0.437736</td>\n",
       "      <td>-5.932091</td>\n",
       "      <td>-1.462921</td>\n",
       "      <td>-8.520532</td>\n",
       "      <td>-8.978589</td>\n",
       "    </tr>\n",
       "    <tr>\n",
       "      <th>2025-09-02</th>\n",
       "      <td>-2.640822</td>\n",
       "      <td>-4.060135</td>\n",
       "      <td>2.882729</td>\n",
       "      <td>5.974929</td>\n",
       "      <td>-1.205014</td>\n",
       "      <td>-1.453065</td>\n",
       "      <td>-0.782048</td>\n",
       "      <td>-4.967685</td>\n",
       "      <td>-3.427288</td>\n",
       "    </tr>\n",
       "    <tr>\n",
       "      <th>2025-09-03</th>\n",
       "      <td>9.420350</td>\n",
       "      <td>0.725865</td>\n",
       "      <td>-5.364644</td>\n",
       "      <td>3.264820</td>\n",
       "      <td>2.924872</td>\n",
       "      <td>-2.195400</td>\n",
       "      <td>0.114724</td>\n",
       "      <td>-0.236209</td>\n",
       "      <td>3.593287</td>\n",
       "    </tr>\n",
       "    <tr>\n",
       "      <th>2025-09-04</th>\n",
       "      <td>1.380534</td>\n",
       "      <td>10.580005</td>\n",
       "      <td>-1.773856</td>\n",
       "      <td>-5.637831</td>\n",
       "      <td>1.618576</td>\n",
       "      <td>6.324963</td>\n",
       "      <td>1.303123</td>\n",
       "      <td>1.531395</td>\n",
       "      <td>3.326981</td>\n",
       "    </tr>\n",
       "  </tbody>\n",
       "</table>\n",
       "</div>"
      ],
      "text/plain": [
       "Ticker          AAPL       AMZN        BA       BTC      COST      INTC  \\\n",
       "Date                                                                      \n",
       "2025-08-28  2.253068   2.713009  0.576888 -0.457009 -1.213126  0.809964   \n",
       "2025-08-29 -0.455518  -2.845022 -1.584249 -8.529178 -0.437736 -5.932091   \n",
       "2025-09-02 -2.640822  -4.060135  2.882729  5.974929 -1.205014 -1.453065   \n",
       "2025-09-03  9.420350   0.725865 -5.364644  3.264820  2.924872 -2.195400   \n",
       "2025-09-04  1.380534  10.580005 -1.773856 -5.637831  1.618576  6.324963   \n",
       "\n",
       "Ticker          MSFT      NVDA      TSLA  \n",
       "Date                                      \n",
       "2025-08-28  1.438061 -1.992226 -2.622982  \n",
       "2025-08-29 -1.462921 -8.520532 -8.978589  \n",
       "2025-09-02 -0.782048 -4.967685 -3.427288  \n",
       "2025-09-03  0.114724 -0.236209  3.593287  \n",
       "2025-09-04  1.303123  1.531395  3.326981  "
      ]
     },
     "execution_count": 37,
     "metadata": {},
     "output_type": "execute_result"
    }
   ],
   "source": [
    "daily_returns.tail()"
   ]
  },
  {
   "cell_type": "markdown",
   "id": "f49857d7",
   "metadata": {},
   "source": [
    "### Summary Statistics for Daily Returns (%):"
   ]
  },
  {
   "cell_type": "code",
   "execution_count": 38,
   "id": "25c59d54",
   "metadata": {},
   "outputs": [
    {
     "data": {
      "text/html": [
       "<div>\n",
       "<style scoped>\n",
       "    .dataframe tbody tr th:only-of-type {\n",
       "        vertical-align: middle;\n",
       "    }\n",
       "\n",
       "    .dataframe tbody tr th {\n",
       "        vertical-align: top;\n",
       "    }\n",
       "\n",
       "    .dataframe thead th {\n",
       "        text-align: right;\n",
       "    }\n",
       "</style>\n",
       "<table border=\"1\" class=\"dataframe\">\n",
       "  <thead>\n",
       "    <tr style=\"text-align: right;\">\n",
       "      <th>Ticker</th>\n",
       "      <th>AAPL</th>\n",
       "      <th>AMZN</th>\n",
       "      <th>BA</th>\n",
       "      <th>BTC</th>\n",
       "      <th>COST</th>\n",
       "      <th>INTC</th>\n",
       "      <th>MSFT</th>\n",
       "      <th>NVDA</th>\n",
       "      <th>TSLA</th>\n",
       "    </tr>\n",
       "  </thead>\n",
       "  <tbody>\n",
       "    <tr>\n",
       "      <th>count</th>\n",
       "      <td>274.000000</td>\n",
       "      <td>274.000000</td>\n",
       "      <td>274.000000</td>\n",
       "      <td>274.000000</td>\n",
       "      <td>274.000000</td>\n",
       "      <td>274.000000</td>\n",
       "      <td>274.000000</td>\n",
       "      <td>274.000000</td>\n",
       "      <td>274.000000</td>\n",
       "    </tr>\n",
       "    <tr>\n",
       "      <th>mean</th>\n",
       "      <td>0.075861</td>\n",
       "      <td>0.212888</td>\n",
       "      <td>0.175809</td>\n",
       "      <td>0.476836</td>\n",
       "      <td>0.143503</td>\n",
       "      <td>-0.198738</td>\n",
       "      <td>0.187054</td>\n",
       "      <td>0.352696</td>\n",
       "      <td>0.347257</td>\n",
       "    </tr>\n",
       "    <tr>\n",
       "      <th>std</th>\n",
       "      <td>4.972158</td>\n",
       "      <td>5.481447</td>\n",
       "      <td>6.048208</td>\n",
       "      <td>7.821225</td>\n",
       "      <td>3.426683</td>\n",
       "      <td>10.324309</td>\n",
       "      <td>3.842009</td>\n",
       "      <td>8.350703</td>\n",
       "      <td>10.975960</td>\n",
       "    </tr>\n",
       "    <tr>\n",
       "      <th>min</th>\n",
       "      <td>-24.447390</td>\n",
       "      <td>-23.708502</td>\n",
       "      <td>-27.873241</td>\n",
       "      <td>-39.678273</td>\n",
       "      <td>-15.778820</td>\n",
       "      <td>-76.077828</td>\n",
       "      <td>-16.078045</td>\n",
       "      <td>-46.858404</td>\n",
       "      <td>-42.221527</td>\n",
       "    </tr>\n",
       "    <tr>\n",
       "      <th>25%</th>\n",
       "      <td>-1.757422</td>\n",
       "      <td>-2.437382</td>\n",
       "      <td>-2.811892</td>\n",
       "      <td>-3.961201</td>\n",
       "      <td>-1.616352</td>\n",
       "      <td>-5.585306</td>\n",
       "      <td>-1.498196</td>\n",
       "      <td>-3.562334</td>\n",
       "      <td>-5.738434</td>\n",
       "    </tr>\n",
       "    <tr>\n",
       "      <th>50%</th>\n",
       "      <td>0.298946</td>\n",
       "      <td>0.175157</td>\n",
       "      <td>0.396385</td>\n",
       "      <td>0.270008</td>\n",
       "      <td>0.116867</td>\n",
       "      <td>-0.498891</td>\n",
       "      <td>0.283850</td>\n",
       "      <td>0.862055</td>\n",
       "      <td>-0.108762</td>\n",
       "    </tr>\n",
       "    <tr>\n",
       "      <th>75%</th>\n",
       "      <td>2.370117</td>\n",
       "      <td>3.267969</td>\n",
       "      <td>3.371092</td>\n",
       "      <td>5.190623</td>\n",
       "      <td>2.063114</td>\n",
       "      <td>4.652984</td>\n",
       "      <td>2.002599</td>\n",
       "      <td>5.063086</td>\n",
       "      <td>7.138709</td>\n",
       "    </tr>\n",
       "    <tr>\n",
       "      <th>max</th>\n",
       "      <td>35.939608</td>\n",
       "      <td>28.507144</td>\n",
       "      <td>36.038524</td>\n",
       "      <td>32.302945</td>\n",
       "      <td>15.184262</td>\n",
       "      <td>43.313600</td>\n",
       "      <td>24.324243</td>\n",
       "      <td>43.248392</td>\n",
       "      <td>51.531626</td>\n",
       "    </tr>\n",
       "  </tbody>\n",
       "</table>\n",
       "</div>"
      ],
      "text/plain": [
       "Ticker        AAPL        AMZN          BA         BTC        COST  \\\n",
       "count   274.000000  274.000000  274.000000  274.000000  274.000000   \n",
       "mean      0.075861    0.212888    0.175809    0.476836    0.143503   \n",
       "std       4.972158    5.481447    6.048208    7.821225    3.426683   \n",
       "min     -24.447390  -23.708502  -27.873241  -39.678273  -15.778820   \n",
       "25%      -1.757422   -2.437382   -2.811892   -3.961201   -1.616352   \n",
       "50%       0.298946    0.175157    0.396385    0.270008    0.116867   \n",
       "75%       2.370117    3.267969    3.371092    5.190623    2.063114   \n",
       "max      35.939608   28.507144   36.038524   32.302945   15.184262   \n",
       "\n",
       "Ticker        INTC        MSFT        NVDA        TSLA  \n",
       "count   274.000000  274.000000  274.000000  274.000000  \n",
       "mean     -0.198738    0.187054    0.352696    0.347257  \n",
       "std      10.324309    3.842009    8.350703   10.975960  \n",
       "min     -76.077828  -16.078045  -46.858404  -42.221527  \n",
       "25%      -5.585306   -1.498196   -3.562334   -5.738434  \n",
       "50%      -0.498891    0.283850    0.862055   -0.108762  \n",
       "75%       4.652984    2.002599    5.063086    7.138709  \n",
       "max      43.313600   24.324243   43.248392   51.531626  "
      ]
     },
     "execution_count": 38,
     "metadata": {},
     "output_type": "execute_result"
    }
   ],
   "source": [
    "daily_returns.describe()"
   ]
  },
  {
   "cell_type": "markdown",
   "id": "b2406eee",
   "metadata": {},
   "source": [
    "### Daily Returns Covariance Matrix:"
   ]
  },
  {
   "cell_type": "code",
   "execution_count": 39,
   "id": "c77920bb",
   "metadata": {},
   "outputs": [
    {
     "data": {
      "text/html": [
       "<div>\n",
       "<style scoped>\n",
       "    .dataframe tbody tr th:only-of-type {\n",
       "        vertical-align: middle;\n",
       "    }\n",
       "\n",
       "    .dataframe tbody tr th {\n",
       "        vertical-align: top;\n",
       "    }\n",
       "\n",
       "    .dataframe thead th {\n",
       "        text-align: right;\n",
       "    }\n",
       "</style>\n",
       "<table border=\"1\" class=\"dataframe\">\n",
       "  <thead>\n",
       "    <tr style=\"text-align: right;\">\n",
       "      <th>Ticker</th>\n",
       "      <th>AAPL</th>\n",
       "      <th>AMZN</th>\n",
       "      <th>BA</th>\n",
       "      <th>BTC</th>\n",
       "      <th>COST</th>\n",
       "      <th>INTC</th>\n",
       "      <th>MSFT</th>\n",
       "      <th>NVDA</th>\n",
       "      <th>TSLA</th>\n",
       "    </tr>\n",
       "    <tr>\n",
       "      <th>Ticker</th>\n",
       "      <th></th>\n",
       "      <th></th>\n",
       "      <th></th>\n",
       "      <th></th>\n",
       "      <th></th>\n",
       "      <th></th>\n",
       "      <th></th>\n",
       "      <th></th>\n",
       "      <th></th>\n",
       "    </tr>\n",
       "  </thead>\n",
       "  <tbody>\n",
       "    <tr>\n",
       "      <th>AAPL</th>\n",
       "      <td>24.722353</td>\n",
       "      <td>15.609896</td>\n",
       "      <td>13.424042</td>\n",
       "      <td>11.399944</td>\n",
       "      <td>7.099479</td>\n",
       "      <td>15.733432</td>\n",
       "      <td>10.229778</td>\n",
       "      <td>18.012256</td>\n",
       "      <td>26.142546</td>\n",
       "    </tr>\n",
       "    <tr>\n",
       "      <th>AMZN</th>\n",
       "      <td>15.609896</td>\n",
       "      <td>30.046256</td>\n",
       "      <td>16.016208</td>\n",
       "      <td>14.386917</td>\n",
       "      <td>6.100132</td>\n",
       "      <td>26.667377</td>\n",
       "      <td>14.351966</td>\n",
       "      <td>25.723325</td>\n",
       "      <td>31.214732</td>\n",
       "    </tr>\n",
       "    <tr>\n",
       "      <th>BA</th>\n",
       "      <td>13.424042</td>\n",
       "      <td>16.016208</td>\n",
       "      <td>36.580824</td>\n",
       "      <td>12.306442</td>\n",
       "      <td>6.898255</td>\n",
       "      <td>22.924871</td>\n",
       "      <td>8.478438</td>\n",
       "      <td>21.174087</td>\n",
       "      <td>28.758923</td>\n",
       "    </tr>\n",
       "    <tr>\n",
       "      <th>BTC</th>\n",
       "      <td>11.399944</td>\n",
       "      <td>14.386917</td>\n",
       "      <td>12.306442</td>\n",
       "      <td>61.171554</td>\n",
       "      <td>6.526116</td>\n",
       "      <td>13.262301</td>\n",
       "      <td>10.001352</td>\n",
       "      <td>22.273919</td>\n",
       "      <td>41.505991</td>\n",
       "    </tr>\n",
       "    <tr>\n",
       "      <th>COST</th>\n",
       "      <td>7.099479</td>\n",
       "      <td>6.100132</td>\n",
       "      <td>6.898255</td>\n",
       "      <td>6.526116</td>\n",
       "      <td>11.742154</td>\n",
       "      <td>5.965790</td>\n",
       "      <td>4.954008</td>\n",
       "      <td>6.731234</td>\n",
       "      <td>14.414392</td>\n",
       "    </tr>\n",
       "    <tr>\n",
       "      <th>INTC</th>\n",
       "      <td>15.733432</td>\n",
       "      <td>26.667377</td>\n",
       "      <td>22.924871</td>\n",
       "      <td>13.262301</td>\n",
       "      <td>5.965790</td>\n",
       "      <td>106.591350</td>\n",
       "      <td>14.059295</td>\n",
       "      <td>32.050265</td>\n",
       "      <td>38.306245</td>\n",
       "    </tr>\n",
       "    <tr>\n",
       "      <th>MSFT</th>\n",
       "      <td>10.229778</td>\n",
       "      <td>14.351966</td>\n",
       "      <td>8.478438</td>\n",
       "      <td>10.001352</td>\n",
       "      <td>4.954008</td>\n",
       "      <td>14.059295</td>\n",
       "      <td>14.761033</td>\n",
       "      <td>19.927285</td>\n",
       "      <td>19.347816</td>\n",
       "    </tr>\n",
       "    <tr>\n",
       "      <th>NVDA</th>\n",
       "      <td>18.012256</td>\n",
       "      <td>25.723325</td>\n",
       "      <td>21.174087</td>\n",
       "      <td>22.273919</td>\n",
       "      <td>6.731234</td>\n",
       "      <td>32.050265</td>\n",
       "      <td>19.927285</td>\n",
       "      <td>69.734245</td>\n",
       "      <td>43.057539</td>\n",
       "    </tr>\n",
       "    <tr>\n",
       "      <th>TSLA</th>\n",
       "      <td>26.142546</td>\n",
       "      <td>31.214732</td>\n",
       "      <td>28.758923</td>\n",
       "      <td>41.505991</td>\n",
       "      <td>14.414392</td>\n",
       "      <td>38.306245</td>\n",
       "      <td>19.347816</td>\n",
       "      <td>43.057539</td>\n",
       "      <td>120.471701</td>\n",
       "    </tr>\n",
       "  </tbody>\n",
       "</table>\n",
       "</div>"
      ],
      "text/plain": [
       "Ticker       AAPL       AMZN         BA        BTC       COST        INTC  \\\n",
       "Ticker                                                                      \n",
       "AAPL    24.722353  15.609896  13.424042  11.399944   7.099479   15.733432   \n",
       "AMZN    15.609896  30.046256  16.016208  14.386917   6.100132   26.667377   \n",
       "BA      13.424042  16.016208  36.580824  12.306442   6.898255   22.924871   \n",
       "BTC     11.399944  14.386917  12.306442  61.171554   6.526116   13.262301   \n",
       "COST     7.099479   6.100132   6.898255   6.526116  11.742154    5.965790   \n",
       "INTC    15.733432  26.667377  22.924871  13.262301   5.965790  106.591350   \n",
       "MSFT    10.229778  14.351966   8.478438  10.001352   4.954008   14.059295   \n",
       "NVDA    18.012256  25.723325  21.174087  22.273919   6.731234   32.050265   \n",
       "TSLA    26.142546  31.214732  28.758923  41.505991  14.414392   38.306245   \n",
       "\n",
       "Ticker       MSFT       NVDA        TSLA  \n",
       "Ticker                                    \n",
       "AAPL    10.229778  18.012256   26.142546  \n",
       "AMZN    14.351966  25.723325   31.214732  \n",
       "BA       8.478438  21.174087   28.758923  \n",
       "BTC     10.001352  22.273919   41.505991  \n",
       "COST     4.954008   6.731234   14.414392  \n",
       "INTC    14.059295  32.050265   38.306245  \n",
       "MSFT    14.761033  19.927285   19.347816  \n",
       "NVDA    19.927285  69.734245   43.057539  \n",
       "TSLA    19.347816  43.057539  120.471701  "
      ]
     },
     "execution_count": 39,
     "metadata": {},
     "output_type": "execute_result"
    }
   ],
   "source": [
    "covariance_matrix"
   ]
  },
  {
   "cell_type": "markdown",
   "id": "d213042d",
   "metadata": {},
   "source": [
    "### Daily Returns Correlation Matrix:"
   ]
  },
  {
   "cell_type": "code",
   "execution_count": 40,
   "id": "5a12404b",
   "metadata": {},
   "outputs": [
    {
     "data": {
      "text/html": [
       "<div>\n",
       "<style scoped>\n",
       "    .dataframe tbody tr th:only-of-type {\n",
       "        vertical-align: middle;\n",
       "    }\n",
       "\n",
       "    .dataframe tbody tr th {\n",
       "        vertical-align: top;\n",
       "    }\n",
       "\n",
       "    .dataframe thead th {\n",
       "        text-align: right;\n",
       "    }\n",
       "</style>\n",
       "<table border=\"1\" class=\"dataframe\">\n",
       "  <thead>\n",
       "    <tr style=\"text-align: right;\">\n",
       "      <th>Ticker</th>\n",
       "      <th>AAPL</th>\n",
       "      <th>AMZN</th>\n",
       "      <th>BA</th>\n",
       "      <th>BTC</th>\n",
       "      <th>COST</th>\n",
       "      <th>INTC</th>\n",
       "      <th>MSFT</th>\n",
       "      <th>NVDA</th>\n",
       "      <th>TSLA</th>\n",
       "    </tr>\n",
       "    <tr>\n",
       "      <th>Ticker</th>\n",
       "      <th></th>\n",
       "      <th></th>\n",
       "      <th></th>\n",
       "      <th></th>\n",
       "      <th></th>\n",
       "      <th></th>\n",
       "      <th></th>\n",
       "      <th></th>\n",
       "      <th></th>\n",
       "    </tr>\n",
       "  </thead>\n",
       "  <tbody>\n",
       "    <tr>\n",
       "      <th>AAPL</th>\n",
       "      <td>1.000000</td>\n",
       "      <td>0.572743</td>\n",
       "      <td>0.446387</td>\n",
       "      <td>0.293145</td>\n",
       "      <td>0.416685</td>\n",
       "      <td>0.306491</td>\n",
       "      <td>0.535504</td>\n",
       "      <td>0.433811</td>\n",
       "      <td>0.479028</td>\n",
       "    </tr>\n",
       "    <tr>\n",
       "      <th>AMZN</th>\n",
       "      <td>0.572743</td>\n",
       "      <td>1.000000</td>\n",
       "      <td>0.483101</td>\n",
       "      <td>0.335581</td>\n",
       "      <td>0.324766</td>\n",
       "      <td>0.471220</td>\n",
       "      <td>0.681487</td>\n",
       "      <td>0.561964</td>\n",
       "      <td>0.518826</td>\n",
       "    </tr>\n",
       "    <tr>\n",
       "      <th>BA</th>\n",
       "      <td>0.446387</td>\n",
       "      <td>0.483101</td>\n",
       "      <td>1.000000</td>\n",
       "      <td>0.260154</td>\n",
       "      <td>0.332842</td>\n",
       "      <td>0.367129</td>\n",
       "      <td>0.364864</td>\n",
       "      <td>0.419232</td>\n",
       "      <td>0.433215</td>\n",
       "    </tr>\n",
       "    <tr>\n",
       "      <th>BTC</th>\n",
       "      <td>0.293145</td>\n",
       "      <td>0.335581</td>\n",
       "      <td>0.260154</td>\n",
       "      <td>1.000000</td>\n",
       "      <td>0.243504</td>\n",
       "      <td>0.164242</td>\n",
       "      <td>0.332832</td>\n",
       "      <td>0.341035</td>\n",
       "      <td>0.483497</td>\n",
       "    </tr>\n",
       "    <tr>\n",
       "      <th>COST</th>\n",
       "      <td>0.416685</td>\n",
       "      <td>0.324766</td>\n",
       "      <td>0.332842</td>\n",
       "      <td>0.243504</td>\n",
       "      <td>1.000000</td>\n",
       "      <td>0.168629</td>\n",
       "      <td>0.376291</td>\n",
       "      <td>0.235233</td>\n",
       "      <td>0.383248</td>\n",
       "    </tr>\n",
       "    <tr>\n",
       "      <th>INTC</th>\n",
       "      <td>0.306491</td>\n",
       "      <td>0.471220</td>\n",
       "      <td>0.367129</td>\n",
       "      <td>0.164242</td>\n",
       "      <td>0.168629</td>\n",
       "      <td>1.000000</td>\n",
       "      <td>0.354441</td>\n",
       "      <td>0.371747</td>\n",
       "      <td>0.338038</td>\n",
       "    </tr>\n",
       "    <tr>\n",
       "      <th>MSFT</th>\n",
       "      <td>0.535504</td>\n",
       "      <td>0.681487</td>\n",
       "      <td>0.364864</td>\n",
       "      <td>0.332832</td>\n",
       "      <td>0.376291</td>\n",
       "      <td>0.354441</td>\n",
       "      <td>1.000000</td>\n",
       "      <td>0.621107</td>\n",
       "      <td>0.458808</td>\n",
       "    </tr>\n",
       "    <tr>\n",
       "      <th>NVDA</th>\n",
       "      <td>0.433811</td>\n",
       "      <td>0.561964</td>\n",
       "      <td>0.419232</td>\n",
       "      <td>0.341035</td>\n",
       "      <td>0.235233</td>\n",
       "      <td>0.371747</td>\n",
       "      <td>0.621107</td>\n",
       "      <td>1.000000</td>\n",
       "      <td>0.469768</td>\n",
       "    </tr>\n",
       "    <tr>\n",
       "      <th>TSLA</th>\n",
       "      <td>0.479028</td>\n",
       "      <td>0.518826</td>\n",
       "      <td>0.433215</td>\n",
       "      <td>0.483497</td>\n",
       "      <td>0.383248</td>\n",
       "      <td>0.338038</td>\n",
       "      <td>0.458808</td>\n",
       "      <td>0.469768</td>\n",
       "      <td>1.000000</td>\n",
       "    </tr>\n",
       "  </tbody>\n",
       "</table>\n",
       "</div>"
      ],
      "text/plain": [
       "Ticker      AAPL      AMZN        BA       BTC      COST      INTC      MSFT  \\\n",
       "Ticker                                                                         \n",
       "AAPL    1.000000  0.572743  0.446387  0.293145  0.416685  0.306491  0.535504   \n",
       "AMZN    0.572743  1.000000  0.483101  0.335581  0.324766  0.471220  0.681487   \n",
       "BA      0.446387  0.483101  1.000000  0.260154  0.332842  0.367129  0.364864   \n",
       "BTC     0.293145  0.335581  0.260154  1.000000  0.243504  0.164242  0.332832   \n",
       "COST    0.416685  0.324766  0.332842  0.243504  1.000000  0.168629  0.376291   \n",
       "INTC    0.306491  0.471220  0.367129  0.164242  0.168629  1.000000  0.354441   \n",
       "MSFT    0.535504  0.681487  0.364864  0.332832  0.376291  0.354441  1.000000   \n",
       "NVDA    0.433811  0.561964  0.419232  0.341035  0.235233  0.371747  0.621107   \n",
       "TSLA    0.479028  0.518826  0.433215  0.483497  0.383248  0.338038  0.458808   \n",
       "\n",
       "Ticker      NVDA      TSLA  \n",
       "Ticker                      \n",
       "AAPL    0.433811  0.479028  \n",
       "AMZN    0.561964  0.518826  \n",
       "BA      0.419232  0.433215  \n",
       "BTC     0.341035  0.483497  \n",
       "COST    0.235233  0.383248  \n",
       "INTC    0.371747  0.338038  \n",
       "MSFT    0.621107  0.458808  \n",
       "NVDA    1.000000  0.469768  \n",
       "TSLA    0.469768  1.000000  "
      ]
     },
     "execution_count": 40,
     "metadata": {},
     "output_type": "execute_result"
    }
   ],
   "source": [
    "correlation_matrix"
   ]
  },
  {
   "cell_type": "markdown",
   "id": "e7775f20",
   "metadata": {},
   "source": [
    "### Distribution of Daily Return of Each Stock"
   ]
  },
  {
   "cell_type": "code",
   "execution_count": 41,
   "id": "d541e307",
   "metadata": {},
   "outputs": [
    {
     "data": {
